chr1	1022463	1035276	1	1	1	1	0	1
chr1	1203969	1204033	2	2	1	1	0	5
chr1	1223358	1223831	2	2	1	1	0	17
chr1	2306251	2306576	1	1	1	0	1	6
chr1	2645564	2783608	2	2	1	0	1	7
chr1	11056758	11058799	2	2	1	0	1	3
chr1	11134467	11139303	2	2	1	0	1	4
chr1	11800323	11801160	2	2	1	0	1	7
chr1	16666925	16680744	1	1	0	0	2	14
chr1	17498710	17531971	1	1	0	1	0	13
chr1	19245031	19251414	2	2	1	1	0	5
chr1	19597110	19623473	1	1	1	0	2	5
chr1	19877981	19936576	1	1	0	0	2	12
chr1	20154588	20159629	1	1	1	2	0	3
chr1	21598041	21598399	2	2	1	0	1	6
chr1	21851927	21852087	2	2	1	1	0	15
chr1	21880255	21880362	2	2	1	1	0	7
chr1	25062893	25103899	1	1	0	0	1	13
chr1	25801161	25802015	1	1	1	0	6	4
chr1	25801161	25805141	1	1	1	0	5	4
chr1	26864194	26864309	2	2	0	1	0	30
chr1	31618817	31619050	1	1	1	0	1	3
chr1	31644847	31651848	1	1	1	0	1	4
chr1	32518251	32525680	1	3	0	0	1	15
chr1	35189088	35189185	2	2	1	0	1	6
chr1	41628948	41662133	2	2	1	0	1	4
chr1	42697263	42700780	1	1	1	0	1	10
chr1	44778130	44778575	1	1	1	0	2	3
chr1	46303821	46309100	1	1	1	0	1	3
chr1	46810950	46812176	1	1	1	0	1	4
chr1	47225890	47229195	2	2	1	0	1	3
chr1	52357699	52357780	2	2	1	0	1	5
chr1	53218204	53218413	2	2	1	0	1	3
chr1	63367688	63370770	1	1	1	0	1	6
chr1	70221840	70228421	1	1	1	2	0	10
chr1	77206732	77210435	2	2	1	1	0	4
chr1	88988352	88992584	2	2	1	1	0	6
chr1	90729780	90730971	1	1	0	0	1	12
chr1	90729780	90781166	1	1	0	0	2	12
chr1	97558198	97593269	2	2	0	1	0	12
chr1	99296868	99299034	1	1	1	0	1	5
chr1	107669473	107683487	2	2	1	0	1	7
chr1	111252497	111253317	0	0	1	0	1	3
chr1	143699484	143729438	2	2	0	0	1	15
chr1	143699501	143729457	1	1	0	1	1	12
chr1	143964980	143968923	2	2	1	1	0	5
chr1	144551857	144560741	1	1	0	0	1	30
chr1	148296183	148296272	2	2	1	0	1	6
chr1	150263420	150263661	1	1	1	0	1	5
chr1	151297338	151300666	1	1	0	2	0	36
chr1	151335983	151351483	2	2	0	0	1	18
chr1	153543924	153544653	2	2	1	1	0	4
chr1	153633158	153633957	2	2	1	0	1	5
chr1	154272777	154273335	1	1	1	3	0	5
chr1	155063937	155066729	1	1	1	0	1	7
chr1	155172629	155172737	2	2	1	1	0	5
chr1	156156575	156158069	1	1	1	0	1	7
chr1	159920538	159925449	2	2	1	1	0	8
chr1	160094172	160094868	2	2	1	1	0	6
chr1	160136371	160136569	1	1	1	0	1	3
chr1	160554147	160565403	2	2	1	0	1	3
chr1	161166612	161166839	1	1	1	1	0	8
chr1	162374617	162376534	2	2	1	0	1	4
chr1	171702085	171704386	2	4	1	0	1	7
chr1	173481483	173485360	1	1	1	0	1	3
chr1	175008707	175009922	1	1	1	2	0	16
chr1	178093411	178093533	2	2	1	0	1	4
chr1	197985190	198016565	1	1	0	1	0	12
chr1	202186692	202187002	1	1	1	0	1	3
chr1	202774736	202808101	2	2	1	0	1	5
chr1	203834103	203837965	1	1	1	0	1	4
chr1	207321866	207322381	1	1	1	2	0	5
chr1	209630736	209632582	2	2	1	1	0	7
chr1	211830331	211830572	2	2	1	1	0	13
chr1	220691386	220718637	1	1	0	0	1	13
chr1	223764208	223766366	1	1	1	1	1	8
chr1	225922384	225923700	2	2	1	1	0	11
chr1	226891362	226891742	1	1	1	0	1	4
chr1	226891362	226891745	1	1	1	0	1	4
chr1	227023348	227026054	2	2	1	1	1	8
chr1	228280797	228281932	1	1	1	0	1	5
chr1	228628189	228630431	1	1	0	0	12	39
chr1	228628189	228632672	1	1	0	0	12	39
chr1	228628189	228634912	1	1	0	0	12	39
chr1	228628189	228637137	1	1	0	0	12	39
chr1	228628189	228639378	1	1	0	0	12	39
chr1	228628189	228641609	1	1	0	0	12	39
chr1	228628189	228643850	1	1	0	0	12	39
chr1	228628189	228646081	1	1	0	0	3	38
chr1	228628192	228630434	2	2	0	0	1	35
chr1	228628192	228632675	2	2	0	0	1	35
chr1	228628192	228634915	2	2	0	0	1	35
chr1	228628192	228637140	2	2	0	0	1	35
chr1	228628192	228639381	2	2	0	0	1	35
chr1	228628192	228641612	2	2	0	0	1	35
chr1	228628192	228643853	2	2	0	0	1	35
chr1	239819386	239836620	2	2	0	0	1	12
chr1	244052278	244053787	1	1	1	0	2	4
chr1	244860475	244862460	2	2	1	0	1	5
chr1	244862535	244862618	2	2	1	2	0	5
chr1	244862731	244863616	2	2	1	0	1	4
chr2	3132167	3132973	2	2	1	0	1	3
chr2	3576631	3577709	1	1	1	0	2	9
chr2	8288046	8324363	2	2	0	1	0	12
chr2	10445265	10448120	2	2	1	1	0	3
chr2	11564443	11584816	1	3	0	0	2	18
chr2	24208320	24209099	2	2	1	0	1	4
chr2	27070722	27071325	2	2	1	1	0	6
chr2	32184339	32187151	1	1	1	1	0	7
chr2	32916346	32916402	1	1	0	0	3	38
chr2	32916346	32916442	1	1	0	1	2	41
chr2	32916346	32916474	1	1	0	3	1	55
chr2	32916346	32916487	1	1	0	31	4	38
chr2	32916346	32916558	1	1	0	0	2	15
chr2	32916346	32916599	1	1	0	0	2	15
chr2	39375558	39409645	1	1	0	3	1	12
chr2	42966086	43011119	2	2	0	0	4	13
chr2	42966088	43011119	2	2	0	0	1	15
chr2	45874915	45923164	1	1	0	1	0	12
chr2	51221796	51225521	2	2	1	0	1	4
chr2	65047505	65056113	2	2	0	0	1	12
chr2	70958427	70959017	1	1	1	1	0	10
chr2	71930317	71934096	2	2	0	0	1	12
chr2	74363178	74363293	2	2	1	0	1	7
chr2	74366376	74366458	2	2	1	1	1	3
chr2	84906118	84906388	1	1	1	1	0	7
chr2	96286878	96287005	2	2	1	1	0	6
chr2	98377801	98378057	1	1	1	0	1	5
chr2	100104519	100105503	2	2	1	0	1	8
chr2	101002316	101002701	1	1	1	1	0	11
chr2	102172839	102174586	1	1	1	0	1	6
chr2	110641206	110641306	2	4	1	1	0	6
chr2	112167389	112197786	1	1	0	0	1	12
chr2	128104015	128107937	1	1	1	0	1	6
chr2	142986022	142988844	1	1	1	0	4	7
chr2	172555581	172556088	2	2	1	0	2	5
chr2	173358838	173359342	1	1	1	0	1	5
chr2	173956233	173963760	2	2	1	2	0	15
chr2	182834966	182837947	2	2	1	0	1	4
chr2	190629826	190648219	2	2	1	0	1	3
chr2	215419386	215420672	2	2	1	0	1	6
chr2	218217255	218217462	1	1	1	0	1	9
chr2	219208039	219208255	1	1	1	0	1	4
chr2	219598181	219601234	1	1	1	0	1	3
chr2	219638870	219639481	1	1	1	0	2	7
chr2	220839997	220855734	1	1	1	0	2	5
chr2	227290089	227290746	1	1	1	0	1	6
chr2	230170762	230172065	2	2	1	1	0	4
chr2	231393911	231394654	1	1	1	0	1	4
chr2	237360160	237361120	2	2	1	0	9	5
chr2	240134006	240136221	2	2	1	0	1	5
chr3	8113145	8120062	1	1	1	0	1	8
chr3	9797778	9800184	1	1	1	2	0	4
chr3	10222832	10226370	1	1	1	0	1	3
chr3	15330567	15332270	2	2	1	1	0	8
chr3	15874112	15875430	1	1	1	0	1	6
chr3	33070638	33103083	1	1	0	0	1	18
chr3	40457364	40457889	1	1	1	0	1	3
chr3	40457475	40457889	1	1	1	0	1	3
chr3	41236710	41238015	1	1	1	1	0	3
chr3	45632010	45645162	1	1	0	1	0	12
chr3	47425612	47425996	2	2	1	0	1	3
chr3	47511227	47513222	2	2	1	0	1	7
chr3	50292541	50292587	2	2	1	2	0	4
chr3	52194345	52194471	0	0	1	0	1	4
chr3	52519565	52519943	1	1	1	0	1	5
chr3	52520291	52520399	1	1	1	0	1	3
chr3	55469618	55469850	2	2	1	0	1	7
chr3	58130909	58131926	1	1	1	0	2	6
chr3	64198968	64267898	2	2	1	0	2	6
chr3	69085224	69101838	1	1	1	1	0	12
chr3	75435414	75443507	1	1	1	0	3	5
chr3	84639026	84671671	2	2	0	1	0	12
chr3	94938676	94971270	1	1	1	0	3	3
chr3	100335113	100339086	1	1	1	0	1	6
chr3	108414429	108416811	2	2	1	1	0	4
chr3	119863606	119866589	2	2	1	0	2	4
chr3	120115840	120121984	1	1	0	0	1	15
chr3	129171772	129183775	2	2	1	1	1	4
chr3	129279916	129290678	1	1	1	0	1	3
chr3	129288998	129290678	1	1	1	0	1	3
chr3	129880560	129893493	2	2	1	0	1	3
chr3	130953977	130955011	1	1	1	1	0	9
chr3	141876911	141903619	1	1	1	0	1	3
chr3	142580994	142581304	0	0	1	0	1	7
chr3	146085274	146086786	2	2	1	1	0	6
chr3	160502203	160504000	2	2	1	0	1	5
chr3	160536841	160565213	2	2	1	1	0	3
chr3	184315546	184315762	1	1	1	1	0	10
chr3	185527586	185533570	2	2	1	0	1	6
chr3	186792948	186794657	2	2	1	0	1	7
chr3	187669278	187670153	2	2	1	1	0	4
chr3	195126290	195130858	1	1	0	4	0	13
chr3	197950222	197950935	1	1	1	1	0	13
chr3	197950300	197950935	1	1	1	1	0	20
chr3	197954148	197955749	1	1	1	1	1	7
chr4	948616	950420	1	1	1	1	0	9
chr4	1574613	1603076	2	2	0	1	0	12
chr4	15707647	15711806	1	1	1	0	1	6
chr4	26270217	26277761	1	1	0	1	0	12
chr4	41646281	41646484	1	1	1	3	0	4
chr4	53382336	53383772	1	1	1	0	1	7
chr4	73156167	73161191	2	2	1	0	1	3
chr4	84967641	84969775	1	3	1	0	1	4
chr4	99081453	99081974	2	2	1	0	1	6
chr4	105172579	105177591	2	2	1	0	1	6
chr4	108415686	108415828	0	0	1	0	1	6
chr4	109999847	110004504	1	1	1	0	1	3
chr4	119538843	119538959	2	2	1	0	1	3
chr4	151144426	151205242	2	2	0	2	0	12
chr4	155830047	155831823	2	2	1	0	1	3
chr4	173333215	173333499	2	2	1	2	0	18
chr5	1882748	1886861	2	2	1	0	1	6
chr5	7209117	7239691	2	2	0	0	1	12
chr5	33440792	33441045	1	3	1	0	2	4
chr5	36953761	36955471	1	1	1	1	0	3
chr5	37571375	37616988	1	1	0	0	1	12
chr5	40834607	40835182	2	2	1	2	0	12
chr5	56900416	56910175	2	2	1	0	1	5
chr5	69366596	69369462	2	2	1	0	1	4
chr5	71504752	71509464	1	1	1	0	1	5
chr5	77693353	77705565	2	2	1	2	24	9
chr5	126593405	126595006	2	2	1	0	1	3
chr5	128305083	128305510	2	2	1	0	1	6
chr5	131159612	131162571	2	2	1	0	2	5
chr5	133011456	133026492	2	2	1	0	6	7
chr5	134647403	134685773	1	1	0	0	1	22
chr5	138186053	138186293	1	1	1	1	0	20
chr5	138571142	138573762	2	2	1	1	0	4
chr5	138930655	138930829	1	1	1	2	0	10
chr5	140641781	140642585	1	1	1	0	1	5
chr5	140711299	140718949	2	2	0	0	1	13
chr5	146153228	146153733	2	2	1	1	0	3
chr5	150898555	150903140	2	2	1	0	1	5
chr5	150898555	150903863	2	2	1	0	1	4
chr5	151140244	151141532	2	4	1	0	1	3
chr5	157208994	157211286	1	1	1	0	1	3
chr5	159209511	159209542	0	0	1	0	1	4
chr5	162128389	162142163	1	1	1	0	1	5
chr5	171388007	171390074	1	1	1	0	1	4
chr5	177601504	177604178	1	1	1	0	1	4
chr5	179706332	179707131	1	1	1	1	0	5
chr5	179800954	179801553	2	2	1	0	1	6
chr5	179801970	179806486	2	2	1	1	0	13
chr5	181097519	181174101	2	4	0	4	0	24
chr5	181218328	181222453	2	2	0	0	2	18
chr6	18258406	18263842	2	2	1	1	0	6
chr6	18263882	18264414	2	2	0	1	0	32
chr6	21909604	21915208	1	1	1	0	1	7
chr6	27602661	27605731	2	2	0	0	1	14
chr6	28719718	28729329	1	1	0	0	1	15
chr6	28796021	28838501	2	2	0	0	1	15
chr6	28812129	28838501	2	2	0	0	1	15
chr6	29724449	29725030	1	1	1	0	1	3
chr6	30326023	30341764	1	3	0	1	0	13
chr6	30491413	30491536	1	1	1	0	1	5
chr6	33428131	33432160	1	1	1	0	1	7
chr6	33680681	33682523	1	1	1	1	0	6
chr6	35083227	35083416	1	1	1	0	1	3
chr6	35960913	35960992	2	2	1	1	1	7
chr6	36451133	36451713	2	2	0	0	1	15
chr6	36451133	36486131	2	2	0	0	2	21
chr6	41400774	41401015	2	2	0	0	1	13
chr6	44152009	44152592	1	1	1	0	1	3
chr6	44180164	44180459	1	1	1	1	0	5
chr6	52677173	52681812	1	1	1	0	1	3
chr6	73517935	73518029	2	2	1	0	2	6
chr6	73519517	73519882	2	2	1	0	2	17
chr6	75237989	75240300	2	2	1	0	1	4
chr6	87322675	87322865	2	2	1	0	1	7
chr6	106283636	106295651	2	2	0	1	0	15
chr6	107929515	107957885	2	2	1	0	1	3
chr6	119349975	119549807	1	1	1	0	1	6
chr6	128813896	128839389	1	1	0	1	0	12
chr6	132814783	132814971	1	1	1	1	0	20
chr6	134996943	134997396	2	2	1	0	1	3
chr6	151445826	151452015	2	2	1	2	0	18
chr6	157873177	157875050	1	1	1	1	0	5
chr6	158818167	158819316	2	2	1	1	0	5
chr6	170290684	170291849	2	2	0	1	0	12
chr7	5529401	5529534	2	2	1	2	0	15
chr7	6435482	6436361	2	2	1	0	1	6
chr7	9097723	9100003	2	2	0	0	1	12
chr7	26555228	26558397	1	1	1	0	1	8
chr7	27538418	27542966	2	2	1	0	1	4
chr7	33152852	33154485	1	1	1	0	1	5
chr7	38178421	38179089	1	1	1	0	2	6
chr7	43869377	43869456	2	2	1	2	0	8
chr7	46531404	46558618	1	1	0	1	0	12
chr7	47627803	47628696	1	1	1	0	1	6
chr7	77940660	77942699	1	1	1	0	1	4
chr7	79768130	79772928	1	1	1	0	1	3
chr7	80211099	80212715	1	3	1	1	0	8
chr7	87600191	87600754	2	2	1	0	1	6
chr7	95284217	95286205	1	1	1	0	1	7
chr7	95593771	95595022	2	2	1	2	0	8
chr7	99511557	99522587	2	2	0	0	1	15
chr7	100817358	100822270	2	2	1	0	1	5
chr7	102596108	102599859	2	2	1	0	1	5
chr7	105535447	105563555	2	2	0	0	1	34
chr7	125918119	125920056	1	1	1	0	2	4
chr7	128739433	128748572	1	1	1	1	0	4
chr7	128967393	128970147	2	2	1	0	1	5
chr7	134646938	134647134	1	1	1	0	1	8
chr7	139631285	139631601	2	2	1	0	1	3
chr7	140382597	140398415	2	2	1	0	2	3
chr7	144429227	144451725	1	1	0	0	1	12
chr7	150407864	150410159	1	1	1	1	1	6
chr7	150796575	150800992	2	2	1	0	1	6
chr7	151018051	151018293	2	2	1	0	1	4
chr7	155197375	155198268	2	2	1	0	1	5
chr7	157503110	157503351	1	1	1	0	1	6
chr8	5444829	5499316	2	2	0	2	0	12
chr8	9095567	9144269	2	4	0	1	0	17
chr8	19678828	19688723	1	1	1	0	1	6
chr8	21059936	21128883	2	2	1	1	0	5
chr8	22125505	22125581	2	2	1	0	1	4
chr8	25479714	25479912	1	1	1	0	1	4
chr8	30867503	30874936	2	2	1	0	1	6
chr8	37828960	37829260	1	1	1	0	2	5
chr8	38544180	38551454	2	2	1	0	1	4
chr8	41540411	41544504	2	4	1	0	1	5
chr8	49912232	49914973	1	1	1	0	1	6
chr8	60233970	60243601	2	2	0	1	0	12
chr8	73292798	73293598	2	2	1	0	2	3
chr8	93700674	93701223	1	1	1	0	1	6
chr8	98045089	98045346	2	2	1	1	0	11
chr8	106270368	106271805	1	1	1	1	0	20
chr8	108228392	108229069	2	2	1	0	2	2
chr8	142700631	142701599	1	1	1	1	0	4
chr8	143542397	143549655	2	2	1	0	1	3
chr8	143576843	143577061	2	2	1	0	1	3
chr8	144049099	144083644	1	1	0	1	0	13
chr8	144435551	144435657	2	2	1	0	1	7
chr8	144498162	144498899	2	2	1	0	1	4
chr8	144791496	144791772	2	2	1	1	0	13
chr8	144792141	144792265	2	2	1	1	0	6
chr9	19379619	19380189	2	2	1	0	2	4
chr9	22056388	22058358	1	1	1	0	1	5
chr9	35091534	35092526	2	2	1	0	1	7
chr9	35605426	35605473	0	0	1	0	1	5
chr9	72241299	72245147	1	1	1	0	1	3
chr9	95020234	95021677	1	1	1	0	1	4
chr9	110251463	110256411	2	2	1	1	0	17
chr9	111661716	111666814	1	1	1	0	2	12
chr9	114592653	114597569	1	1	1	1	0	18
chr9	124347076	124352927	1	1	0	1	1	12
chr9	124861556	124861909	2	2	1	1	0	3
chr9	125240908	125241004	2	2	1	1	0	7
chr9	125302827	125305062	1	1	1	0	1	4
chr9	127676754	127678430	1	1	1	0	1	5
chr9	127715216	127715543	2	2	1	0	1	8
chr9	131041736	131045523	1	1	1	0	1	7
chr9	132400259	132401454	2	2	1	0	1	6
chr9	133350728	133351001	1	1	1	0	1	7
chr9	134814037	134814796	1	1	1	1	0	7
chr9	135565515	135565784	1	1	1	1	0	6
chr9	136419107	136421831	1	1	1	1	0	7
chr9	136433280	136434036	2	2	1	0	1	6
chr9	137500897	137501649	2	2	1	0	1	4
chr10	5900360	6122228	2	2	0	4	0	18
chr10	7768596	7788300	1	1	0	1	0	12
chr10	12349911	12553224	1	1	1	0	1	4
chr10	18150976	18401923	1	1	1	0	1	8
chr10	21516917	21517153	2	4	1	0	1	6
chr10	27504438	27509874	1	1	1	0	2	16
chr10	29409684	29415356	1	1	1	0	2	16
chr10	34696420	34814875	2	2	1	0	1	6
chr10	43609351	43616290	1	1	1	0	1	5
chr10	62199862	62204856	2	2	1	1	0	7
chr10	68721407	68722454	1	1	1	0	2	6
chr10	70539763	70541101	1	1	1	0	1	3
chr10	73218257	73251934	2	2	0	0	3	13
chr10	73800760	73801084	1	1	1	0	3	7
chr10	75211190	75211481	1	1	1	0	2	5
chr10	75892467	75923452	1	1	0	0	1	12
chr10	77025458	77027822	2	2	1	0	1	6
chr10	100381449	100388033	1	1	1	0	1	4
chr10	100497794	100498028	2	2	1	0	1	4
chr10	101782598	101782838	2	2	1	1	0	21
chr10	103589661	103590133	1	1	1	2	0	4
chr10	104060281	104061404	2	2	1	0	1	3
chr10	117241221	117241678	1	1	1	0	1	3
chr11	552233	552568	1	1	1	0	1	7
chr11	811646	812534	1	1	1	3	0	3
chr11	2884135	2884669	2	2	1	1	0	4
chr11	3824365	3825019	1	1	1	0	1	5
chr11	5520912	5521620	2	2	1	2	3	5
chr11	8039029	8039644	1	1	1	1	0	4
chr11	8911355	8911614	1	1	1	0	1	3
chr11	9694287	9703395	1	1	1	0	1	3
chr11	16842309	16842330	1	1	0	3	0	13
chr11	18394637	18396818	1	1	1	2	0	8
chr11	18772027	18791524	2	2	1	0	2	3
chr11	29531371	29594225	2	2	1	1	0	4
chr11	46381184	46382056	1	1	1	0	1	5
chr11	46673243	46674324	1	1	1	0	1	3
chr11	47180256	47180610	2	2	0	2	0	26
chr11	47413687	47414424	1	1	1	0	1	5
chr11	47565797	47565905	1	1	1	2	0	8
chr11	57426653	57427407	2	2	1	0	1	6
chr11	61813569	61814141	2	2	1	0	10	6
chr11	62146903	62148475	1	1	1	1	0	5
chr11	62148555	62148738	1	1	1	1	0	13
chr11	64298250	64299345	1	1	1	0	1	3
chr11	64351256	64351475	1	1	1	0	1	6
chr11	64351617	64352129	1	1	1	0	1	6
chr11	64797193	64797274	2	2	1	0	1	6
chr11	65863503	65863599	1	1	1	0	1	8
chr11	65888133	65888342	2	2	1	0	1	5
chr11	66801103	66803994	1	1	1	1	0	7
chr11	66957997	66958321	2	2	1	0	1	5
chr11	67398857	67398939	2	2	1	1	0	5
chr11	67500422	67501861	2	2	1	1	0	25
chr11	67998453	67999172	2	2	1	0	2	6
chr11	71926105	71928448	2	2	1	0	1	7
chr11	72111497	72112649	2	2	1	0	1	6
chr11	75404208	75404671	1	1	1	2	0	8
chr11	94830195	94831451	1	3	1	0	1	6
chr11	95924001	95925080	2	2	1	0	1	4
chr11	102448869	102452523	2	2	1	1	0	6
chr11	103241548	103243692	1	1	1	0	1	6
chr11	113931429	113931757	1	1	1	0	1	3
chr11	114061643	114063210	1	1	1	0	1	8
chr11	114156435	114186951	1	1	1	0	2	6
chr11	119358062	119358148	2	2	1	0	1	7
chr11	120428248	120429439	1	1	1	1	0	9
chr11	120852395	121144842	1	1	0	1	3	12
chr11	124625751	124625797	1	1	0	1	0	12
chr11	124636533	124637280	1	1	0	0	12	12
chr12	242766	243678	2	2	1	0	1	6
chr12	6534862	6536493	1	1	1	0	1	5
chr12	6766751	6769602	1	1	1	1	0	30
chr12	15911415	15956935	1	1	1	0	1	9
chr12	18701569	18701691	2	2	1	0	5	4
chr12	47788165	47788834	2	2	1	0	1	7
chr12	49128939	49129241	2	2	1	0	1	3
chr12	49269977	49272252	1	1	1	0	1	3
chr12	49622735	49630544	1	1	1	0	1	5
chr12	49741612	49744412	1	1	1	0	1	3
chr12	49741612	49752463	1	1	1	0	1	3
chr12	53016611	53018797	1	1	1	0	1	3
chr12	53060760	53060848	1	3	1	0	1	7
chr12	54286733	54286952	1	1	1	1	0	4
chr12	56310030	56310957	2	2	1	3	5	5
chr12	56310596	56310957	2	2	1	3	14	3
chr12	56600491	56600680	2	2	1	0	1	6
chr12	56713191	56713536	2	2	1	0	1	6
chr12	57069307	57070673	2	2	1	0	1	5
chr12	57569684	57569986	1	1	1	1	0	8
chr12	57613145	57613263	1	1	1	1	0	5
chr12	69678894	69694369	2	2	1	0	1	3
chr12	79776016	79778549	2	2	1	2	0	13
chr12	81283040	81294834	2	2	1	0	1	4
chr12	84892309	84912522	2	2	1	0	1	4
chr12	95474331	95476073	1	1	1	0	1	4
chr12	105401246	105506038	1	1	0	2	1	12
chr12	105822362	105854187	2	2	0	0	1	12
chr12	109168035	109171804	1	1	1	0	4	3
chr12	109516885	109517916	1	1	1	0	1	3
chr12	113221627	113225243	1	1	1	0	2	7
chr12	120131334	120131925	2	2	1	0	2	4
chr12	123973353	123973885	1	1	1	0	1	4
chr12	124400674	124402403	2	2	1	1	0	9
chr12	124786504	124787405	2	2	1	4	0	19
chr12	127166168	127166205	1	1	0	2	2	19
chr12	127166168	127166325	1	1	0	0	3	15
chr12	130668234	130668350	1	1	1	0	1	3
chr13	20598754	20599450	1	1	1	0	1	7
chr13	44436096	44436503	2	2	1	2	0	12
chr13	55913376	56182420	2	2	0	3	8	12
chr13	77099014	77103208	2	2	1	0	1	3
chr13	98191224	98203989	2	2	0	0	1	13
chr13	98329160	98332770	1	1	1	0	5	6
chr13	99205811	99205874	1	1	0	0	1	13
chr13	102866382	102866631	1	1	1	1	0	21
chr13	110430608	110432324	1	1	1	1	0	4
chr13	112911785	112931502	2	2	0	0	1	12
chr13	113631745	113633119	1	1	1	0	1	5
chr13	113759294	113802250	2	4	0	1	0	12
chr14	20633020	20684030	1	1	0	0	2	14
chr14	20768507	20770132	1	1	1	0	1	3
chr14	21352819	21353487	2	2	1	0	1	3
chr14	22905222	22905335	2	2	1	0	5	7
chr14	23469739	23470053	1	1	1	0	1	3
chr14	23953917	23955034	1	1	1	0	1	6
chr14	23989076	23990181	1	1	1	0	1	6
chr14	24075277	24075504	1	1	1	0	1	7
chr14	24123078	24131275	1	1	1	0	1	5
chr14	38191232	38193240	1	1	1	0	2	4
chr14	49586673	49726337	2	2	0	3	0	19
chr14	49586686	49586835	1	1	0	1	0	24
chr14	49586688	49586835	1	1	0	1	0	24
chr14	49853683	49862618	2	2	0	0	1	31
chr14	49853738	49862670	2	2	0	1	0	14
chr14	49853826	49862761	2	2	0	0	1	21
chr14	49853831	49862766	1	3	0	0	2	28
chr14	49853839	49862774	2	2	0	1	26	37
chr14	49853839	49883616	2	2	0	0	2	14
chr14	49862774	49883616	2	2	0	0	2	14
chr14	50777140	50778764	2	2	1	0	1	3
chr14	51989701	51991316	1	1	1	1	0	7
chr14	62151327	62151863	0	0	1	0	2	6
chr14	69237932	69240883	1	1	1	0	1	7
chr14	77321184	77324869	1	1	1	0	1	5
chr14	81527739	81533674	2	2	1	1	0	18
chr14	92651944	92652159	1	1	1	0	1	7
chr14	100052989	100074516	2	2	1	1	0	6
chr14	101406228	101407742	2	2	1	0	1	6
chr14	103873462	103873877	1	1	1	0	3	7
chr15	22810797	22812162	1	1	1	2	0	5
chr15	28146276	28216113	2	2	0	1	1	12
chr15	29352049	29356420	2	2	0	1	0	14
chr15	32633109	32633932	1	1	1	0	1	6
chr15	34225201	34225535	1	1	1	1	0	22
chr15	40317968	40331612	2	2	0	2	0	14
chr15	41021126	41027595	2	2	1	0	1	4
chr15	41055365	41056621	2	2	1	1	0	9
chr15	42191561	42192065	2	2	1	0	3	6
chr15	45172079	45172146	2	2	1	0	1	6
chr15	50891078	50908551	2	2	1	0	2	6
chr15	52788515	52788779	2	2	1	0	1	4
chr15	65296121	65304747	2	2	0	0	13	32
chr15	66503530	66504787	2	2	1	0	1	4
chr15	69628937	69631625	1	1	1	0	5	5
chr15	72208892	72209672	2	2	1	1	0	6
chr15	75621057	75625770	2	2	1	2	0	4
chr15	76948553	76949069	1	1	1	1	0	8
chr15	82538372	82538879	2	2	1	1	0	11
chr15	83268233	83284529	2	2	1	0	1	3
chr15	84981011	84981692	1	1	0	1	0	14
chr15	89799316	89799425	2	2	1	0	4	6
chr15	90604448	90607377	1	1	1	1	0	5
chr15	90943083	90944891	1	1	1	2	0	7
chr15	99602044	99612531	2	2	0	1	0	12
chr15	100048993	100051571	2	2	1	0	1	4
chr16	271461	271539	2	2	1	0	4	4
chr16	564631	668422	2	2	0	3	0	14
chr16	666125	666219	1	1	1	1	0	4
chr16	1107357	1107690	2	2	0	1	0	13
chr16	1309774	1314019	1	1	1	1	0	6
chr16	1357833	1358200	1	1	1	0	1	5
chr16	1964366	1964448	2	2	1	0	1	9
chr16	2821110	2821365	1	1	1	1	0	6
chr16	3158957	3192022	1	1	0	0	1	12
chr16	3172083	3192022	1	1	0	0	1	12
chr16	3188129	3192022	1	1	0	0	1	12
chr16	3189669	3192022	1	1	0	0	1	12
chr16	4766077	4766926	2	2	1	0	1	3
chr16	4859969	4860663	1	1	1	1	0	6
chr16	11575587	11586885	2	2	1	0	1	3
chr16	14148730	14149285	1	1	1	1	0	7
chr16	20590622	20590709	2	2	1	1	0	3
chr16	21278337	21278853	2	2	1	0	1	7
chr16	22257386	22257642	1	1	1	0	1	3
chr16	22297538	22302930	1	1	1	0	1	5
chr16	22297538	22305155	1	1	1	0	1	5
chr16	23755734	23755846	1	1	1	0	1	6
chr16	27204176	27210092	1	1	1	0	1	5
chr16	27314021	27330065	1	1	1	0	1	3
chr16	31325405	31325499	1	1	1	0	1	5
chr16	34160677	34160892	2	6	0	0	2	20
chr16	47450454	47451395	2	2	1	1	1	3
chr16	58515565	58515790	1	1	1	0	1	6
chr16	67167223	67167823	1	1	1	0	1	3
chr16	69120650	69121052	2	2	1	1	0	3
chr16	70114441	70114820	1	1	1	0	1	6
chr16	72065200	72093420	2	2	0	0	1	12
chr16	74367685	74368064	2	2	1	0	1	6
chr16	87687808	87702360	1	1	0	1	0	12
chr16	90009431	90019310	2	2	1	0	1	5
chr17	2394347	2394874	2	2	1	0	3	6
chr17	4940994	4941076	1	1	1	0	1	3
chr17	5515074	5515472	2	2	1	0	1	4
chr17	6438134	6459594	1	1	0	1	0	13
chr17	7289726	7289967	2	2	1	0	1	3
chr17	7577488	7577568	1	1	1	1	0	15
chr17	7851550	7851647	1	1	1	0	9	5
chr17	8141341	8141804	2	2	1	2	0	4
chr17	8147579	8147673	2	2	1	0	1	4
chr17	8207902	8210529	2	2	1	2	0	17
chr17	9861200	9862020	1	1	1	1	0	5
chr17	19062099	19188203	1	1	0	0	4	20
chr17	19062118	19188105	1	1	0	0	9	26
chr17	19062124	19188109	1	1	0	6	3	33
chr17	19062134	19188091	2	2	0	11	3	43
chr17	19063949	19112449	2	2	0	0	4	20
chr17	19063949	19190058	2	2	0	0	4	20
chr17	19063993	19112493	1	1	0	0	2	20
chr17	19064043	19112424	2	2	0	0	3	33
chr17	19064043	19190033	2	2	0	0	3	33
chr17	19064047	19112430	2	2	0	0	9	26
chr17	19064047	19190039	2	2	0	0	9	26
chr17	19064049	19112430	2	2	0	0	1	21
chr17	19064051	19112430	2	2	0	0	1	27
chr17	19064071	19112424	2	2	0	0	4	33
chr17	19064071	19190033	2	2	0	0	4	33
chr17	19112449	19190058	2	2	0	0	4	20
chr17	19112543	19190033	2	2	0	0	3	33
chr17	19112547	19190039	2	2	0	0	9	26
chr17	19112571	19190033	2	2	0	0	4	33
chr17	19188125	19188203	1	1	0	2	0	29
chr17	26963179	27012821	1	1	0	1	0	14
chr17	28720031	28720706	1	1	1	0	2	10
chr17	38861741	38869349	2	2	0	0	1	14
chr17	39153791	39154548	2	2	0	0	1	14
chr17	39730292	39730406	2	2	1	2	0	15
chr17	40029860	40031158	2	2	1	1	1	5
chr17	41501363	41502373	2	2	1	0	1	7
chr17	41619689	41620535	2	2	1	1	0	10
chr17	43857157	43861797	1	1	1	0	1	6
chr17	44350341	44350441	1	1	1	1	0	9
chr17	44350578	44350690	1	1	1	3	0	18
chr17	44377089	44377697	2	2	1	0	1	7
chr17	44436546	44438670	2	2	1	0	1	5
chr17	44665489	44666375	1	1	1	0	1	5
chr17	45247517	45247700	2	2	1	0	1	3
chr17	45445664	45450617	2	2	1	0	1	4
chr17	46320572	46352819	2	2	1	0	1	5
chr17	46538427	46570758	2	2	1	0	1	5
chr17	48908821	48916075	1	1	1	0	1	8
chr17	51166498	51166826	1	1	1	4	0	9
chr17	54900924	54903712	1	1	1	0	1	3
chr17	58384172	58411650	1	1	0	0	1	12
chr17	60157789	60157988	1	1	1	0	1	6
chr17	64792543	64797263	2	2	1	0	1	4
chr17	68984980	68985052	2	2	1	0	1	7
chr17	74704817	74705203	2	2	1	0	1	3
chr17	78216067	78216663	1	1	1	0	1	8
chr17	78427109	78428524	2	4	1	0	3	4
chr17	78427109	78429120	2	2	1	0	2	3
chr17	80135507	80136003	2	2	1	1	0	4
chr17	80625794	80707840	1	1	1	0	1	6
chr17	81239679	81240986	1	1	1	0	1	3
chr17	81512361	81512733	2	2	1	3	0	9
chr17	81844093	81845143	2	2	1	1	0	5
chr17	82229107	82235982	1	1	1	1	0	12
chr18	8018058	8069685	1	1	1	0	9	3
chr18	23141433	23177874	1	1	0	0	1	12
chr18	35267680	35290083	2	2	1	1	3	4
chr18	46173713	46216217	1	1	1	1	0	5
chr18	55284409	55321669	2	2	1	0	1	4
chr18	79372813	79562247	2	2	0	7	2	13
chr19	581592	582305	1	1	1	2	0	8
chr19	926080	971934	1	3	0	1	0	14
chr19	1011613	1011740	2	2	1	0	2	8
chr19	1487692	1487784	2	2	1	1	0	4
chr19	1652431	1657282	1	1	0	0	1	12
chr19	2251211	2251261	2	2	0	0	1	14
chr19	2757458	2757564	2	2	1	0	1	7
chr19	3572825	3573291	1	1	1	1	0	7
chr19	3980067	3980513	2	2	1	1	0	9
chr19	4323437	4323532	1	1	1	0	1	4
chr19	7551108	7551361	1	1	1	0	1	5
chr19	7645307	7645759	1	1	1	2	0	3
chr19	10180235	10180349	2	2	1	0	1	6
chr19	11394521	11397243	2	2	1	0	1	3
chr19	11435711	11436040	1	1	1	0	1	5
chr19	12670612	12670710	1	1	1	0	1	4
chr19	12852421	12871136	1	1	0	0	1	12
chr19	13214334	13214500	2	2	1	0	1	4
chr19	16578410	16647095	2	2	1	0	1	7
chr19	17256721	17258211	2	2	1	1	0	13
chr19	17861473	17862093	1	1	1	0	1	8
chr19	18161186	18161278	1	1	1	0	1	5
chr19	18903424	18904770	2	2	1	1	0	23
chr19	19031083	19033488	2	2	1	0	1	3
chr19	19271126	19273120	2	2	1	1	0	3
chr19	27793651	27919779	1	1	1	0	1	4
chr19	29665782	29673823	1	1	1	1	0	3
chr19	33796988	33798263	1	1	1	0	1	7
chr19	34359811	34364809	1	1	1	0	2	6
chr19	38536768	38537879	1	1	1	0	1	5
chr19	38990762	39014386	2	2	1	0	1	6
chr19	39264532	39264964	1	1	1	0	13	6
chr19	40366916	40367600	1	1	1	0	1	7
chr19	41860495	41860774	1	1	1	0	1	5
chr19	41861213	41869030	1	1	1	2	0	15
chr19	42297366	42299969	2	2	1	0	1	3
chr19	42297366	42300008	2	2	1	0	1	3
chr19	43652372	43655438	2	2	1	1	0	6
chr19	44916326	44918840	1	1	1	0	1	5
chr19	45369148	45370535	2	2	1	0	4	3
chr19	45396437	45396544	2	2	1	0	2	6
chr19	45414961	45416820	2	2	1	1	0	9
chr19	45421394	45423269	2	2	1	1	0	11
chr19	46548591	46568164	2	2	0	0	1	13
chr19	48617878	48619140	2	2	1	1	0	9
chr19	48716744	48718973	2	2	1	0	3	5
chr19	49447421	49447826	2	2	1	0	1	6
chr19	49489923	49490231	1	1	1	0	3	16
chr19	51340300	51340432	2	2	1	0	1	7
chr19	51929897	51936027	1	1	1	0	1	3
chr19	53978230	53979866	1	1	1	0	1	3
chr19	54664486	54664798	1	1	1	0	1	3
chr19	55085974	55086060	1	1	1	0	1	4
chr19	55485781	55486407	1	1	1	0	1	5
chr19	55907957	55910562	2	2	1	0	2	5
chr19	57600135	57604276	1	1	1	0	1	5
chr19	57942648	57943933	2	2	1	2	0	7
chr20	17620808	17621457	2	2	1	0	2	5
chr20	31405086	31406094	2	2	1	0	3	7
chr20	31766683	31770342	1	1	1	3	0	24
chr20	32008422	32015302	1	1	0	0	12	12
chr20	32054282	32071661	1	1	1	0	1	5
chr20	33397085	33401427	2	2	1	1	0	8
chr20	47249440	47276313	2	2	1	0	1	7
chr20	47352741	47353004	1	1	1	0	1	3
chr20	49424570	49425100	1	1	1	0	1	4
chr20	51013850	51022869	2	2	0	1	0	33
chr20	54733993	54768006	2	2	0	1	0	12
chr20	58475342	58482531	2	2	0	1	0	12
chr20	58891866	58895611	1	1	1	1	0	12
chr20	58895165	58895611	1	1	1	0	1	4
chr20	59001645	59005154	2	2	1	0	7	6
chr20	59001645	59006985	2	2	1	0	3	6
chr20	62306321	62306647	1	1	1	0	1	5
chr20	62642361	62643013	2	2	1	0	2	3
chr20	62821531	62821756	1	1	1	0	1	8
chr20	63521364	63521511	1	1	1	1	0	6
chr20	63962782	63963094	2	2	1	0	1	5
chr20	63981317	63983046	1	1	1	1	0	3
chr21	8206152	8250361	2	2	0	0	1	17
chr21	8206180	8250220	2	2	0	0	1	40
chr21	8206347	8250556	1	1	0	0	2	22
chr21	8206699	8250908	2	2	0	0	1	12
chr21	8209757	8209933	2	2	0	0	1	16
chr21	8209764	8210029	2	2	0	0	8	23
chr21	8209766	8210020	2	2	0	0	1	23
chr21	8209766	8210029	2	2	0	0	4	24
chr21	8209766	8210032	2	2	0	0	4	19
chr21	8209769	8210029	2	2	0	0	2	21
chr21	8209919	8254085	1	1	0	0	1	14
chr21	8209923	8254014	2	2	0	0	4	24
chr21	8209923	8254073	2	2	0	0	2	26
chr21	8209923	8392839	2	2	0	0	4	24
chr21	8209923	8437049	2	2	0	0	4	24
chr21	8209923	8988345	2	2	0	0	4	24
chr21	8209934	8254077	2	2	0	0	1	21
chr21	8209957	8254085	1	1	0	0	1	14
chr21	8210051	8253948	1	1	0	0	8	32
chr21	8210051	8392773	1	1	0	0	8	32
chr21	8210051	8436983	1	1	0	0	8	32
chr21	8210051	8988279	1	1	0	0	8	32
chr21	8210236	8210310	1	1	0	0	2	23
chr21	8210266	8254423	2	2	0	0	1	17
chr21	8210276	8254426	1	1	0	0	1	12
chr21	8210310	8254518	1	1	0	0	1	12
chr21	8210335	8254554	1	1	0	0	1	18
chr21	8210389	8210776	2	2	0	0	4	25
chr21	8210389	8213813	2	2	0	0	2	20
chr21	8210389	8258034	2	2	0	0	2	20
chr21	8210428	8210781	1	1	0	0	2	19
chr21	8210428	8254518	1	1	0	0	1	27
chr21	8210433	8213813	2	2	0	0	2	20
chr21	8210433	8251896	2	2	0	0	1	19
chr21	8210433	8258034	2	2	0	0	1	20
chr21	8210521	8254458	1	1	0	0	2	25
chr21	8210781	8254989	1	1	0	0	10	21
chr21	8210781	8393816	1	1	0	0	10	21
chr21	8210781	8438026	1	1	0	0	10	21
chr21	8210801	8254007	1	1	0	0	1	18
chr21	8210801	8254610	1	1	0	0	4	18
chr21	8210801	8255009	1	1	0	0	19	21
chr21	8210801	8393437	1	1	0	0	4	18
chr21	8210801	8393836	1	1	0	0	19	21
chr21	8210801	8437647	1	1	0	0	4	18
chr21	8210801	8438046	1	1	0	0	19	21
chr21	8210806	8211310	1	1	0	0	1	14
chr21	8210806	8254759	1	1	0	0	1	23
chr21	8210971	8211328	2	2	0	0	1	22
chr21	8211070	8254984	2	2	0	0	1	20
chr21	8211121	8255140	1	1	0	0	1	13
chr21	8211148	8255090	2	2	0	0	1	12
chr21	8211159	8255104	2	2	0	0	1	17
chr21	8211164	8255373	2	2	0	0	2	19
chr21	8211228	8254989	1	1	0	0	1	21
chr21	8211432	8255637	2	2	0	0	1	14
chr21	8211441	8255642	2	2	0	0	1	20
chr21	8211441	8394381	2	2	0	0	6	45
chr21	8211441	8438591	2	2	0	0	6	45
chr21	8212603	8214296	1	1	0	0	1	23
chr21	8212603	8258517	1	1	0	0	1	23
chr21	8212620	8256824	2	2	0	0	1	19
chr21	8212711	8256888	2	2	0	0	1	14
chr21	8212725	8256888	2	2	0	0	2	12
chr21	8213497	8257331	1	1	0	0	1	17
chr21	8213635	8217116	2	2	0	0	1	18
chr21	8213935	8214188	1	1	0	0	1	38
chr21	8214056	8217845	1	3	0	0	1	12
chr21	8214070	8214115	2	2	0	0	2	12
chr21	8214073	8214131	1	1	0	0	1	14
chr21	8214073	8258210	1	1	0	0	2	31
chr21	8214086	8214131	1	1	0	0	33	32
chr21	8214172	8258388	1	1	0	0	1	36
chr21	8214176	8258179	2	2	0	0	1	21
chr21	8214199	8258416	1	1	0	0	1	46
chr21	8214207	8258428	2	2	0	0	1	28
chr21	8214398	8214548	2	2	0	0	2	22
chr21	8214398	8214555	2	2	0	0	3	17
chr21	8214426	8214537	2	2	0	0	3	16
chr21	8214614	8258834	2	2	0	0	8	26
chr21	8214614	8441869	2	2	0	0	8	26
chr21	8214651	8258877	0	0	0	0	3	33
chr21	8214793	8254989	1	1	0	0	1	16
chr21	8214817	8259046	2	2	0	0	1	19
chr21	8214862	8258803	2	2	0	0	1	49
chr21	8214980	8259217	2	2	0	0	1	27
chr21	8215039	8215374	1	1	0	0	1	23
chr21	8215109	8259004	2	2	0	0	1	20
chr21	8215109	8259217	2	2	0	0	1	27
chr21	8215111	8259010	2	2	0	0	1	14
chr21	8215220	8259449	1	1	0	0	1	12
chr21	8215237	8215380	1	1	0	0	3	27
chr21	8215237	8259466	1	1	0	0	5	14
chr21	8215237	8398271	1	1	0	0	5	14
chr21	8215237	8442500	1	1	0	0	5	14
chr21	8215291	8259480	2	2	0	0	1	19
chr21	8215304	8259504	1	1	0	0	3	12
chr21	8215304	8398309	1	1	0	0	3	12
chr21	8215321	8259480	2	2	0	0	4	31
chr21	8215321	8398285	2	2	0	0	4	31
chr21	8215321	8442514	2	2	0	0	4	31
chr21	8215412	8259446	1	1	0	0	16	30
chr21	8215412	8398251	1	1	0	0	16	30
chr21	8215412	8442480	1	1	0	0	16	30
chr21	8215417	8259436	2	2	0	0	1	40
chr21	8215417	8259442	2	2	0	0	3	35
chr21	8215417	8398247	2	2	0	0	3	35
chr21	8215423	8259442	2	2	0	0	1	36
chr21	8215423	8259455	2	2	0	0	1	21
chr21	8215455	8215485	0	0	0	0	4	32
chr21	8215558	8254984	2	2	0	0	1	23
chr21	8215574	8254984	2	2	0	0	2	26
chr21	8215606	8217958	1	1	0	0	1	25
chr21	8215703	8259937	1	1	0	0	2	19
chr21	8215808	8260046	2	2	0	0	1	22
chr21	8215896	8260129	2	2	0	0	1	14
chr21	8215935	8260162	2	4	0	0	1	31
chr21	8215978	8260207	1	1	0	0	5	29
chr21	8215978	8399012	1	1	0	0	5	29
chr21	8215978	8443241	1	1	0	0	5	29
chr21	8216027	8260262	1	1	0	0	1	12
chr21	8216053	8259071	1	1	0	0	1	19
chr21	8216179	8216210	2	4	0	0	1	20
chr21	8216273	8260502	1	1	0	0	1	12
chr21	8216420	8260649	1	1	0	0	13	17
chr21	8216420	8399454	1	1	0	0	13	17
chr21	8216420	8443689	1	1	0	0	13	17
chr21	8216500	8216574	1	1	0	0	1	38
chr21	8216500	8260729	1	1	0	0	2	60
chr21	8216566	8217887	2	4	0	0	1	13
chr21	8216609	8260693	2	2	0	0	2	25
chr21	8216636	8260861	1	1	0	0	1	26
chr21	8216748	8399782	2	2	0	0	5	21
chr21	8216748	8444017	2	2	0	0	5	21
chr21	8216911	8217064	2	2	0	0	1	23
chr21	8216927	8254984	2	2	0	0	1	13
chr21	8216937	8260337	2	2	0	0	2	12
chr21	8216939	8260337	2	2	0	0	7	13
chr21	8216939	8399142	2	2	0	0	7	13
chr21	8216939	8443377	2	2	0	0	7	13
chr21	8216941	8260337	2	2	0	0	6	13
chr21	8216941	8399142	2	2	0	0	6	13
chr21	8216941	8443377	2	2	0	0	6	13
chr21	8216955	8216977	1	1	0	1	0	41
chr21	8217262	8260262	1	1	0	0	1	15
chr21	8217292	8217388	1	3	0	0	1	13
chr21	8217722	8254984	2	2	0	0	2	22
chr21	8217954	8217978	1	1	0	0	2	19
chr21	8217954	8400996	1	1	0	0	4	18
chr21	8217954	8445228	1	1	0	0	4	18
chr21	8217984	8259813	2	2	0	0	1	16
chr21	8217988	8259026	2	2	0	0	1	12
chr21	8217991	8259813	2	2	0	0	1	16
chr21	8218270	8401308	2	2	0	0	3	22
chr21	8218426	8401464	1	1	0	0	4	21
chr21	8218426	8445696	1	1	0	0	4	21
chr21	8218650	8218723	2	4	0	0	2	36
chr21	8218677	8257607	2	2	0	0	1	12
chr21	8218746	8401785	1	1	0	0	5	22
chr21	8218746	8446016	1	1	0	0	4	22
chr21	8219463	8260262	1	1	0	0	1	14
chr21	8223058	8223184	1	1	1	0	1	5
chr21	8253967	8254143	2	2	0	0	1	16
chr21	8253974	8254239	2	2	0	0	8	23
chr21	8253976	8254230	2	2	0	0	1	23
chr21	8253976	8254239	2	2	0	0	4	24
chr21	8253976	8254242	2	2	0	0	4	19
chr21	8253979	8254239	2	2	0	0	2	21
chr21	8254133	8392839	2	2	0	0	4	24
chr21	8254133	8437049	2	2	0	0	4	24
chr21	8254133	8988345	2	2	0	0	4	24
chr21	8254261	8392773	1	1	0	0	8	32
chr21	8254261	8436983	1	1	0	0	8	32
chr21	8254261	8988279	1	1	0	0	8	32
chr21	8254444	8254518	1	1	0	0	2	23
chr21	8254484	8254701	2	6	0	0	2	20
chr21	8254597	8254984	2	2	0	0	4	25
chr21	8254597	8258034	2	2	0	0	2	20
chr21	8254636	8254989	1	1	0	0	2	19
chr21	8254641	8258034	2	2	0	0	2	20
chr21	8254989	8393816	1	1	0	0	10	21
chr21	8254989	8438026	1	1	0	0	10	21
chr21	8255009	8393437	1	1	0	0	4	18
chr21	8255009	8393836	1	1	0	0	19	21
chr21	8255009	8437647	1	1	0	0	4	18
chr21	8255009	8438046	1	1	0	0	19	21
chr21	8255014	8255518	1	1	0	0	1	14
chr21	8255179	8255536	2	2	0	0	1	22
chr21	8256812	8258517	1	1	0	0	1	23
chr21	8258156	8258409	1	1	0	0	1	38
chr21	8258291	8258336	2	2	0	0	2	12
chr21	8258294	8258352	1	1	0	0	1	14
chr21	8258307	8258352	1	1	0	0	33	32
chr21	8258837	8441869	2	2	0	0	8	26
chr21	8258874	8441912	0	0	0	0	3	33
chr21	8258977	8259071	1	1	0	0	1	19
chr21	8259208	8259295	1	3	0	0	2	16
chr21	8259268	8259603	1	1	0	0	1	23
chr21	8259466	8259609	1	1	0	0	3	27
chr21	8259466	8398271	1	1	0	0	6	14
chr21	8259466	8442500	1	1	0	0	6	14
chr21	8259533	8398309	1	1	0	0	3	12
chr21	8259533	8442538	1	1	0	0	3	12
chr21	8259550	8398285	2	2	0	0	4	31
chr21	8259550	8442514	2	2	0	0	4	31
chr21	8259641	8398251	1	1	0	0	16	30
chr21	8259641	8442480	1	1	0	0	16	30
chr21	8259646	8398247	2	2	0	0	3	35
chr21	8259646	8442476	2	2	0	0	3	35
chr21	8259684	8259714	0	0	0	0	4	32
chr21	8260207	8399012	1	1	0	0	5	29
chr21	8260207	8443241	1	1	0	0	5	29
chr21	8260408	8260439	2	4	0	0	1	20
chr21	8260649	8399454	1	1	0	0	13	17
chr21	8260649	8443689	1	1	0	0	13	17
chr21	8260729	8260803	1	1	0	0	1	38
chr21	8389199	8433386	2	2	0	0	1	17
chr21	8389227	8433245	2	2	0	0	1	40
chr21	8389394	8433581	1	1	0	0	2	22
chr21	8389746	8433932	2	2	0	0	1	12
chr21	8392792	8392968	2	2	0	0	1	16
chr21	8392799	8393064	2	2	0	0	8	23
chr21	8392801	8393055	2	2	0	0	1	23
chr21	8392801	8393064	2	2	0	0	4	24
chr21	8392801	8393067	2	2	0	0	4	19
chr21	8392804	8393064	2	2	0	0	2	21
chr21	8392954	8437120	1	1	0	0	1	14
chr21	8392958	8437049	2	2	0	0	4	24
chr21	8392958	8437108	2	2	0	0	2	26
chr21	8392958	8988345	2	2	0	0	4	24
chr21	8392969	8437112	2	2	0	0	1	21
chr21	8392992	8437120	1	1	0	0	1	14
chr21	8393086	8436983	1	1	0	0	8	32
chr21	8393086	8988279	1	1	0	0	8	32
chr21	8393271	8393345	1	1	0	0	2	23
chr21	8393301	8437460	2	2	0	0	1	17
chr21	8393311	8437463	1	1	0	0	1	12
chr21	8393345	8437555	1	1	0	0	1	12
chr21	8393370	8437591	1	1	0	0	1	18
chr21	8393424	8393811	2	2	0	0	4	25
chr21	8393424	8396851	2	2	0	0	2	20
chr21	8393424	8441071	2	2	0	0	2	20
chr21	8393463	8393816	1	1	0	0	2	19
chr21	8393463	8437555	1	1	0	0	1	27
chr21	8393468	8396851	2	2	0	0	2	20
chr21	8393468	8434921	2	2	0	0	1	19
chr21	8393468	8441071	2	2	0	0	1	20
chr21	8393556	8437495	1	1	0	0	2	25
chr21	8393816	8438026	1	1	0	0	10	21
chr21	8393836	8437042	1	1	0	0	1	18
chr21	8393836	8437647	1	1	0	0	4	18
chr21	8393836	8438046	1	1	0	0	19	21
chr21	8393841	8394345	1	1	0	0	1	14
chr21	8393841	8437796	1	1	0	0	1	23
chr21	8394006	8394363	2	2	0	0	1	22
chr21	8394105	8438021	2	2	0	0	1	20
chr21	8394156	8438177	1	1	0	0	1	13
chr21	8394183	8438127	2	2	0	0	1	12
chr21	8394194	8438141	2	2	0	0	1	17
chr21	8394199	8438409	2	2	0	0	2	19
chr21	8394263	8438026	1	1	0	0	1	21
chr21	8394467	8438677	2	2	0	0	1	14
chr21	8394476	8438591	2	2	0	0	6	45
chr21	8394476	8438682	2	2	0	0	1	20
chr21	8394491	8438607	1	1	0	0	1	33
chr21	8395638	8397334	1	1	0	0	1	23
chr21	8395638	8441554	1	1	0	0	1	23
chr21	8395655	8439866	2	2	0	0	1	19
chr21	8395746	8439930	2	2	0	0	1	14
chr21	8395760	8439930	2	2	0	0	2	12
chr21	8396527	8440372	1	1	0	0	1	17
chr21	8396973	8397226	1	1	0	0	1	38
chr21	8397094	8400883	1	3	0	0	1	12
chr21	8397108	8397153	2	2	0	0	2	12
chr21	8397111	8397169	1	1	0	0	1	14
chr21	8397111	8441247	1	1	0	0	2	31
chr21	8397124	8397169	1	1	0	0	33	32
chr21	8397210	8441425	1	1	0	0	1	36
chr21	8397214	8441216	2	2	0	0	1	21
chr21	8397237	8441453	1	1	0	0	1	46
chr21	8397245	8441465	2	2	0	0	1	28
chr21	8397378	8441598	1	1	0	0	2	15
chr21	8397436	8397586	2	2	0	0	2	22
chr21	8397436	8397593	2	2	0	0	3	17
chr21	8397464	8397575	2	2	0	0	3	16
chr21	8397652	8441869	2	2	0	0	8	26
chr21	8397673	8398290	1	1	0	1	0	13
chr21	8397827	8438026	1	1	0	0	1	16
chr21	8397851	8442081	2	2	0	0	1	19
chr21	8397896	8441838	2	2	0	0	1	49
chr21	8398073	8398408	1	1	0	0	1	23
chr21	8398093	8441575	1	1	0	0	1	29
chr21	8398143	8442039	2	2	0	0	1	20
chr21	8398143	8442252	2	2	0	0	1	27
chr21	8398145	8442045	2	2	0	0	1	14
chr21	8398234	8441581	2	2	0	0	1	32
chr21	8398254	8442483	1	1	0	0	1	12
chr21	8398271	8398414	1	1	0	0	3	27
chr21	8398271	8442500	1	1	0	0	6	14
chr21	8398325	8442514	2	2	0	0	1	19
chr21	8398338	8442538	1	1	0	0	3	12
chr21	8398355	8442514	2	2	0	0	4	31
chr21	8398446	8441575	1	1	0	0	1	44
chr21	8398446	8442480	1	1	0	0	16	30
chr21	8398451	8442470	2	2	0	0	1	40
chr21	8398451	8442476	2	2	0	0	3	35
chr21	8398457	8442476	2	2	0	0	1	36
chr21	8398457	8442489	2	2	0	0	1	21
chr21	8398489	8398519	0	0	0	0	4	32
chr21	8398592	8438021	2	2	0	0	1	23
chr21	8398608	8438021	2	2	0	0	2	26
chr21	8398640	8400996	1	1	0	0	1	25
chr21	8398640	8445228	1	1	0	0	1	25
chr21	8398737	8442971	1	1	0	0	2	19
chr21	8398842	8443080	2	2	0	0	1	22
chr21	8398930	8443163	2	2	0	0	1	14
chr21	8398969	8443196	2	4	0	0	1	31
chr21	8399012	8443241	1	1	0	0	5	29
chr21	8399061	8443296	1	1	0	0	2	15
chr21	8399087	8442106	1	1	0	0	1	19
chr21	8399213	8399244	2	4	0	0	1	20
chr21	8399307	8443542	1	1	0	0	1	12
chr21	8399454	8443689	1	1	0	0	13	17
chr21	8399534	8399608	1	1	0	0	1	38
chr21	8399534	8443769	1	1	0	0	2	60
chr21	8399643	8443733	2	2	0	0	2	25
chr21	8399670	8443901	1	1	0	0	1	26
chr21	8399782	8444017	2	2	0	0	5	21
chr21	8399945	8400099	2	2	0	0	1	23
chr21	8399973	8443377	2	2	0	1	0	13
chr21	8400297	8443296	1	1	0	0	1	15
chr21	8400327	8400426	1	3	0	0	1	13
chr21	8400504	8444494	2	2	0	0	1	20
chr21	8400630	8444862	1	1	0	0	1	21
chr21	8400760	8438021	2	2	0	0	2	22
chr21	8400760	8444764	2	2	0	0	1	14
chr21	8400834	8445066	2	2	0	0	1	24
chr21	8400836	8445066	2	2	0	0	1	24
chr21	8400866	8445103	1	1	0	0	2	28
chr21	8400904	8445146	1	1	0	0	1	24
chr21	8400992	8401016	1	1	0	0	2	19
chr21	8400992	8445228	1	1	0	0	4	18
chr21	8401022	8442847	2	2	0	0	1	16
chr21	8401026	8442061	2	2	0	0	1	12
chr21	8401029	8442847	2	2	0	0	1	16
chr21	8401097	8445329	1	1	0	0	1	15
chr21	8401308	8445540	2	2	0	0	3	22
chr21	8401464	8445696	1	1	0	0	4	21
chr21	8401688	8401762	2	4	0	0	2	36
chr21	8401716	8443020	2	2	0	1	0	28
chr21	8401716	8444158	2	2	0	1	0	12
chr21	8401716	8445952	2	2	0	1	0	28
chr21	8401785	8446016	1	1	0	0	4	22
chr21	8401790	8446036	2	2	0	0	1	20
chr21	8401797	8445919	2	4	0	0	1	18
chr21	8406057	8406183	1	1	1	0	1	5
chr21	8420149	8444246	1	1	0	0	1	18
chr21	8433882	8446053	1	1	0	0	1	17
chr21	8437002	8437178	2	2	0	0	1	16
chr21	8437009	8437274	2	2	0	0	8	23
chr21	8437011	8437265	2	2	0	0	1	23
chr21	8437011	8437274	2	2	0	0	4	24
chr21	8437011	8437277	2	2	0	0	4	19
chr21	8437014	8437274	2	2	0	0	2	21
chr21	8437168	8988345	2	2	0	0	4	24
chr21	8437296	8988279	1	1	0	0	8	32
chr21	8437481	8437555	1	1	0	0	2	23
chr21	8437521	8437738	2	6	0	0	2	20
chr21	8437634	8438021	2	2	0	0	4	25
chr21	8437634	8441071	2	2	0	0	2	20
chr21	8437673	8438026	1	1	0	0	2	19
chr21	8437678	8441071	2	2	0	0	2	20
chr21	8438051	8438555	1	1	0	0	1	14
chr21	8438216	8438573	2	2	0	0	1	22
chr21	8439854	8441554	1	1	0	0	1	23
chr21	8441193	8441446	1	1	0	0	1	38
chr21	8441314	8445115	1	3	0	0	1	12
chr21	8441328	8441373	2	2	0	0	2	12
chr21	8441331	8441389	1	1	0	0	1	14
chr21	8441344	8441389	1	1	0	0	33	32
chr21	8441656	8441806	2	2	0	0	2	22
chr21	8441656	8441813	2	2	0	0	3	17
chr21	8441684	8441795	2	2	0	0	3	16
chr21	8442012	8442106	1	1	0	0	1	19
chr21	8442243	8442330	1	3	0	0	2	16
chr21	8442303	8442637	1	1	0	0	1	23
chr21	8442500	8442643	1	1	0	0	3	27
chr21	8442584	8442965	2	4	0	0	1	19
chr21	8442718	8442748	0	0	0	0	4	32
chr21	8442869	8445228	1	1	0	0	1	25
chr21	8443322	8444658	1	1	0	1	0	15
chr21	8443448	8443479	2	4	0	0	1	20
chr21	8443769	8443843	1	1	0	0	1	38
chr21	8444180	8444334	2	2	0	0	1	23
chr21	8445224	8445248	1	1	0	0	2	19
chr21	8445261	8445290	2	4	0	0	2	15
chr21	8445920	8445993	2	4	0	0	2	36
chr21	8445947	8445977	2	4	0	0	2	26
chr21	8450244	8450370	1	1	1	0	1	5
chr21	8988305	8988570	2	2	0	0	8	23
chr21	8988307	8988561	2	2	0	0	1	23
chr21	8988307	8988570	2	2	0	0	4	24
chr21	8988307	8988573	2	2	0	0	4	19
chr21	8988310	8988570	2	2	0	0	2	21
chr21	31659785	31663789	1	1	1	0	1	4
chr21	37177022	37266956	1	1	0	1	1	12
chr21	41451244	41452689	1	1	1	0	2	7
chr21	44294504	44296382	1	1	1	0	2	8
chr22	18150223	18157557	1	3	1	0	1	3
chr22	20043444	20047969	1	1	1	1	0	10
chr22	37052633	37053099	1	1	1	0	2	3
chr22	37659357	37665554	1	1	1	1	0	22
chr22	39312985	39313190	2	2	1	0	1	3
chr22	39532524	39532686	2	2	1	1	0	14
chr22	42797606	42799038	2	2	1	3	0	6
chr22	43151605	43159209	1	1	1	0	1	4
chr22	44677241	44714590	1	1	1	0	1	5
chr22	46701711	46707842	2	2	1	0	1	5
chr22	50198187	50198344	1	1	1	0	1	3
chr22	50226190	50226286	2	2	1	0	5	4
chr22	50267175	50267252	2	2	1	0	1	5
chr22	50530561	50530687	2	2	1	1	0	7
chrX	6778259	6778810	1	1	0	2	0	13
chrX	12867582	12885511	1	1	1	0	1	5
chrX	18584354	18587953	1	1	1	0	1	3
chrX	49072651	49073808	2	2	1	1	0	5
chrX	50382604	50384167	2	2	1	0	1	6
chrX	53680187	53686165	2	2	0	2	0	20
chrX	56861666	56862421	2	2	1	0	3	7
chrX	63638663	63643979	2	2	1	0	1	6
chrX	71124389	71124763	1	1	1	0	1	5
chrX	71284454	71290628	1	1	1	1	1	4
chrX	71297462	71297839	1	1	1	0	1	4
chrX	77688925	77693823	2	2	1	0	1	4
chrX	86623519	86672837	1	1	0	1	0	13
chrX	109031271	109054535	2	2	0	0	1	12
chrX	109054543	109054567	1	1	0	0	2	19
chrX	109932903	109942979	2	4	0	0	1	12
chrX	135675663	135675905	2	2	1	0	1	5
chrX	153798137	153798328	1	1	1	3	0	12
chrX	154508598	154511847	2	2	1	1	0	3
chrX	154775274	154776186	1	1	1	0	1	5
chrY	7560161	7596982	1	1	0	1	0	12
chrM	1508	1531	2	2	0	1	0	35
