chr1	628224	628918	2	2	1	0	1	6
chr1	1040881	1041172	1	1	1	2	0	11
chr1	1060394	1065948	1	1	1	0	1	7
chr1	1455917	1456224	1	1	1	0	1	3
chr1	1486236	1486543	1	1	1	0	1	3
chr1	1523965	1524272	1	1	1	0	1	3
chr1	1616615	1623388	1	1	1	0	1	9
chr1	1616615	1623430	1	1	1	0	1	9
chr1	1970817	1971979	2	2	1	0	1	3
chr1	2025055	2025333	1	1	1	0	1	3
chr1	5875033	5919625	1	1	0	0	1	12
chr1	6244447	6244547	1	1	1	1	0	8
chr1	6419703	6419775	2	2	1	1	2	9
chr1	6470644	6470734	2	2	1	0	1	5
chr1	8469026	8508546	1	1	0	0	1	12
chr1	8865483	8866278	2	2	1	0	1	7
chr1	8870511	8871890	2	2	1	0	1	4
chr1	8871987	8874823	2	2	1	2	0	14
chr1	8874918	8878579	2	2	1	2	0	6
chr1	10161287	10168135	1	1	1	2	0	15
chr1	11134467	11139303	2	2	1	0	1	4
chr1	11680472	11680561	2	2	1	1	0	21
chr1	11747546	11748414	1	1	1	2	0	5
chr1	11800323	11801160	2	2	1	0	1	7
chr1	15467539	15476456	1	1	1	0	1	4
chr1	16506476	16514153	2	2	0	0	1	17
chr1	16514150	16666816	2	2	0	0	6	28
chr1	16514200	16666860	1	1	0	0	4	15
chr1	16659138	16666816	2	2	0	0	1	17
chr1	16666925	16680744	1	1	0	0	2	14
chr1	16740553	16740620	2	6	0	0	2	29
chr1	16740604	16896065	2	2	0	0	4	15
chr1	16740648	16748327	1	1	0	0	1	17
chr1	16740648	16896115	1	1	0	0	6	28
chr1	16896017	16896084	2	6	0	0	2	29
chr1	16977199	16978236	2	2	1	1	0	8
chr1	17105062	17119279	2	2	1	0	2	6
chr1	17413718	17416479	2	2	1	1	0	9
chr1	18874582	18875381	2	2	1	0	1	6
chr1	19110465	19110741	2	2	1	1	0	3
chr1	20243545	20244295	1	1	1	0	1	5
chr1	20654708	20655439	2	2	1	1	0	7
chr1	20660992	20661196	2	2	1	1	0	6
chr1	21256139	21257524	2	2	1	1	0	13
chr1	21890486	21890584	2	2	1	2	0	11
chr1	22025644	22027413	1	1	1	1	2	5
chr1	23030635	23050386	1	1	1	1	0	9
chr1	25801161	25802015	1	1	1	0	4	5
chr1	26474136	26474571	1	1	1	0	2	4
chr1	26536970	26546866	1	1	1	0	1	3
chr1	26761097	26761383	1	1	1	0	1	5
chr1	27356501	27356589	2	2	1	3	1	8
chr1	28506085	28508127	1	1	1	2	0	5
chr1	28507454	28508707	1	1	0	2	0	18
chr1	28507458	28508563	2	2	0	1	0	18
chr1	28507511	28508705	2	2	0	1	0	15
chr1	28507526	28508717	1	1	0	0	2	35
chr1	28507542	28508733	2	2	0	0	2	26
chr1	29084123	29097806	1	1	1	0	1	4
chr1	29121849	29123855	2	2	1	0	9	4
chr1	32039574	32042526	1	1	1	1	0	10
chr1	32204046	32204232	1	1	1	0	1	7
chr1	37978828	37978987	2	2	1	1	1	12
chr1	39547635	39548669	2	2	1	0	1	3
chr1	39691171	39691305	2	2	1	0	1	9
chr1	42683467	42693489	1	1	1	0	1	16
chr1	42816581	42817189	2	2	1	0	1	3
chr1	42943322	42958633	2	2	1	2	0	16
chr1	43109005	43151748	1	3	0	0	1	12
chr1	43386999	43387502	2	2	1	0	1	6
chr1	43453498	43453594	2	2	1	5	1	8
chr1	43934261	43935654	1	1	1	0	1	6
chr1	44213859	44214349	1	1	1	1	0	12
chr1	45015007	45015336	1	1	1	0	1	5
chr1	46810950	46812176	1	1	1	0	2	4
chr1	52526374	52552930	2	2	1	1	0	22
chr1	53264397	53266472	2	2	1	0	4	4
chr1	55040045	55043842	1	1	1	0	2	11
chr1	64677012	64678158	1	1	1	1	0	16
chr1	64847676	64850803	2	2	1	2	0	18
chr1	77780193	77783237	1	1	1	2	2	10
chr1	84656006	84656347	2	2	1	0	1	12
chr1	88828624	88832743	1	1	1	0	1	3
chr1	92522692	92532079	2	2	0	1	0	12
chr1	92833459	92833544	1	1	1	0	3	5
chr1	102914812	102915630	2	2	1	0	1	9
chr1	109100254	109100328	1	1	0	2	0	29
chr1	109628835	109629102	2	2	1	0	1	8
chr1	111697498	111703335	1	1	1	1	0	4
chr1	116384843	116387287	1	1	1	1	0	5
chr1	120415305	120419849	1	1	1	0	1	4
chr1	120493302	120494233	2	2	1	0	1	11
chr1	143699484	143729435	2	2	0	0	2	29
chr1	143699484	143729438	2	2	0	0	6	28
chr1	144545858	144551810	2	2	0	0	1	17
chr1	144545858	144560697	2	2	0	0	1	17
chr1	144551857	144560741	1	1	0	0	4	15
chr1	144551872	144560759	1	1	0	0	1	21
chr1	145465695	145465733	1	1	0	1	0	15
chr1	146376844	146376911	2	6	0	0	2	29
chr1	146376939	146388126	1	1	0	0	1	17
chr1	147023080	147024012	2	2	1	0	1	11
chr1	148362420	148388538	1	1	0	0	1	12
chr1	148362463	148388581	1	1	0	0	1	21
chr1	148362480	148388595	2	4	0	0	1	15
chr1	149027628	149028559	1	1	1	0	1	11
chr1	150263420	150263661	1	1	1	0	3	6
chr1	151139702	151139975	2	2	1	1	0	9
chr1	153534831	153535201	2	2	1	2	0	14
chr1	153535361	153535948	2	2	1	1	0	20
chr1	153543924	153544653	2	2	1	2	0	17
chr1	153544810	153545752	2	2	1	4	0	13
chr1	153615937	153616294	2	2	1	0	2	3
chr1	155058156	155058245	1	1	1	2	0	6
chr1	155285312	155287172	1	1	1	3	12	7
chr1	155325491	155325600	1	1	1	0	1	6
chr1	156136122	156136213	1	1	1	1	0	3
chr1	156137233	156137653	1	1	1	1	0	15
chr1	156310690	156310949	2	2	1	1	0	6
chr1	156334776	156334867	2	2	1	2	0	7
chr1	156552096	156554234	2	2	1	0	1	4
chr1	158181163	158181489	1	1	1	0	1	3
chr1	159842315	159854921	2	2	1	0	1	3
chr1	159920538	159925449	2	2	1	1	0	6
chr1	167546286	167548001	2	2	1	1	0	11
chr1	169106422	169106732	1	1	1	0	3	4
chr1	173481483	173485360	1	1	1	1	0	3
chr1	173485508	173486254	1	1	1	1	0	3
chr1	173865283	173865470	2	2	1	1	0	7
chr1	178093413	178093560	2	2	1	5	0	10
chr1	178494811	178496899	2	2	1	0	3	6
chr1	182390853	182391174	2	2	1	0	1	5
chr1	182843435	182852232	1	1	1	1	0	8
chr1	201135816	201143819	2	2	1	1	0	7
chr1	202235994	202276305	1	1	1	1	8	4
chr1	202335059	202335645	2	2	1	1	0	6
chr1	204944407	204952010	1	1	1	0	2	4
chr1	206685509	206728709	1	1	1	0	1	3
chr1	210237469	210237943	1	1	1	0	1	5
chr1	212066886	212068598	1	1	1	0	1	6
chr1	212444443	212445829	1	1	1	1	0	8
chr1	214369692	214372710	2	2	1	1	0	7
chr1	214451975	214464629	2	2	1	2	0	7
chr1	217610193	217610320	2	2	1	0	1	3
chr1	224394014	224398096	2	2	1	1	0	7
chr1	226402380	226407809	2	2	1	1	0	10
chr1	227494825	227495085	2	2	1	0	1	11
chr1	227506239	227506499	1	1	1	0	1	11
chr1	228097453	228097590	1	1	1	2	0	3
chr1	228108322	228108954	2	2	1	1	0	17
chr1	228374749	228375701	1	3	1	0	1	4
chr1	228628183	228630431	1	1	0	0	2	38
chr1	228628183	228632672	1	1	0	0	2	38
chr1	228628183	228634912	1	1	0	0	2	38
chr1	228628183	228637137	1	1	0	0	2	38
chr1	228628183	228639378	1	1	0	0	2	38
chr1	228628183	228641609	1	1	0	0	2	38
chr1	228628183	228643850	1	1	0	0	2	38
chr1	228628183	228646081	1	1	0	0	2	38
chr1	228628189	228630431	1	1	0	0	6	39
chr1	228628189	228632672	1	1	0	0	6	39
chr1	228628189	228634912	1	1	0	0	6	39
chr1	228628189	228637137	1	1	0	0	6	39
chr1	228628189	228639378	1	1	0	0	6	39
chr1	228628189	228641609	1	1	0	0	6	39
chr1	228628189	228643850	1	1	0	0	6	39
chr1	228628192	228630434	2	2	0	0	2	36
chr1	228628192	228632675	2	2	0	0	2	36
chr1	228628192	228634915	2	2	0	0	2	36
chr1	228628192	228637140	2	2	0	0	2	36
chr1	228628192	228639381	2	2	0	0	2	36
chr1	228628192	228641612	2	2	0	0	2	36
chr1	228628192	228643853	2	2	0	0	2	36
chr1	228628192	228646084	2	2	0	0	2	36
chr1	230067407	230178217	1	1	1	2	1	18
chr1	230203291	230236013	1	1	1	1	0	5
chr1	230660824	230663140	1	1	1	0	1	3
chr1	236395661	236409215	1	1	1	0	6	3
chr1	243006679	243007373	2	2	1	0	1	6
chr1	247597548	247642254	2	2	0	0	1	13
chr2	3285629	3480088	1	1	0	1	2	12
chr2	3577775	3580109	1	1	1	3	0	16
chr2	8292227	8338843	1	1	0	3	0	12
chr2	10123853	10124716	1	1	1	0	2	5
chr2	10445265	10448120	2	2	1	2	0	25
chr2	10784327	10784933	2	2	1	2	0	6
chr2	11564443	11584816	1	3	0	1	1	18
chr2	15628711	15628796	1	1	1	2	0	12
chr2	24872720	24918312	2	2	1	0	2	3
chr2	27376184	27376312	1	1	1	0	1	5
chr2	32777981	32780053	1	1	1	1	0	6
chr2	32916240	32916487	1	1	0	0	1	25
chr2	32916346	32916402	1	1	0	0	2	26
chr2	32916346	32916442	1	1	0	0	2	26
chr2	32916346	32916474	1	1	0	0	1	32
chr2	32916346	32916487	1	1	0	16	1	45
chr2	32916346	32916558	1	1	0	0	1	14
chr2	32916346	32916599	1	1	0	0	1	14
chr2	39010704	39012125	2	2	1	0	1	3
chr2	40430305	40446414	2	2	1	0	1	4
chr2	42351360	42353211	2	2	1	1	0	7
chr2	42966086	43011119	2	2	0	1	6	13
chr2	42966088	43011119	2	2	0	0	1	15
chr2	44715354	44743621	1	1	1	0	1	4
chr2	45874915	45923164	1	1	0	1	0	12
chr2	46581592	46588074	2	2	1	1	0	8
chr2	47783471	47798610	1	1	1	0	2	4
chr2	54643130	54644322	1	1	1	0	1	8
chr2	55234963	55235427	1	1	1	0	1	6
chr2	55335165	55336680	2	2	1	1	0	8
chr2	59302164	59322180	1	1	0	0	1	14
chr2	61597836	61692570	1	1	0	3	1	12
chr2	61842361	61853858	2	2	1	1	0	9
chr2	69789927	69790264	2	2	1	0	1	6
chr2	72955938	72964199	2	2	0	0	1	12
chr2	85402159	85418266	2	2	1	0	1	9
chr2	85430435	85430537	1	1	1	0	1	5
chr2	94873553	94881271	2	2	1	0	1	5
chr2	95346747	95356785	2	2	0	1	0	12
chr2	98577144	98581575	1	1	1	0	2	8
chr2	105308319	105329624	2	2	1	0	1	6
chr2	105386541	105398969	2	2	1	2	0	6
chr2	109971514	109971602	1	1	1	0	1	6
chr2	118088542	118096418	1	1	1	1	0	4
chr2	124292289	124305602	1	1	0	0	1	13
chr2	127070817	127076625	2	2	1	0	1	9
chr2	128104015	128107937	1	1	1	0	1	6
chr2	142986022	142988844	1	1	1	0	1	3
chr2	145023274	145057650	1	1	1	0	1	3
chr2	169479613	169482250	1	1	1	1	0	3
chr2	175080766	175093060	2	2	1	2	0	8
chr2	175179251	175180097	2	2	1	2	0	6
chr2	177216772	177216859	1	1	1	0	1	4
chr2	186668921	186669700	1	1	1	1	0	3
chr2	188587950	188589739	1	1	1	0	1	4
chr2	188974569	188984759	1	1	1	1	0	11
chr2	188985248	188985664	1	1	1	0	1	4
chr2	188991723	188992183	1	1	1	1	0	4
chr2	188993460	188994037	1	1	1	1	0	15
chr2	188994832	188995045	1	1	1	2	0	8
chr2	188995100	188995691	1	1	1	3	0	16
chr2	188998719	188999284	1	1	1	3	0	10
chr2	188999896	189001396	1	1	1	4	0	24
chr2	189003788	189003981	1	1	1	1	0	4
chr2	189006453	189006936	1	1	1	1	0	15
chr2	189782603	189784268	2	2	1	1	0	3
chr2	190408504	190435976	1	1	1	0	2	3
chr2	190629826	190648219	2	2	1	0	1	3
chr2	191246368	191276886	1	1	1	0	1	3
chr2	197402827	197402948	2	2	1	1	0	11
chr2	197498851	197499781	2	2	1	0	2	9
chr2	201640925	201642608	2	2	1	2	0	3
chr2	207768995	207769264	2	2	1	1	0	4
chr2	210590907	210591830	1	1	1	1	0	5
chr2	215023021	215030152	1	3	1	1	1	6
chr2	215867095	215899305	2	2	0	1	0	13
chr2	216109458	216113015	1	1	1	1	0	5
chr2	219222451	219222644	2	2	1	2	0	12
chr2	219270336	219271165	1	1	1	0	1	6
chr2	222900781	222908732	1	1	1	1	0	5
chr2	223770297	223772595	2	2	1	2	5	5
chr2	224535642	224584943	2	2	1	0	5	4
chr2	231457125	231457642	2	2	1	1	0	6
chr2	236040842	236049058	1	1	1	2	0	35
chr2	237360160	237361120	2	2	1	0	3	5
chr2	238145833	238147833	1	1	1	1	0	5
chr2	241051861	241052040	1	1	1	0	1	4
chr2	241348192	241350072	1	1	1	1	0	9
chr2	241508136	241508442	2	2	1	1	0	9
chr3	4681419	4683385	0	0	1	1	0	10
chr3	8640070	8644730	2	2	1	0	1	4
chr3	9903065	9906705	1	1	1	0	1	7
chr3	11016745	11043582	1	1	0	1	0	13
chr3	11602023	11604323	2	2	1	0	1	7
chr3	12850861	12871735	1	1	1	0	1	7
chr3	14064274	14064862	1	1	1	0	1	4
chr3	23918577	23919195	1	1	1	3	0	19
chr3	27848765	27860086	1	1	1	1	1	5
chr3	30688512	30691419	1	1	1	1	0	3
chr3	33053550	33097010	2	2	1	0	2	6
chr3	38457103	38551502	2	2	0	4	0	13
chr3	39101103	39102677	2	2	1	1	0	5
chr3	39411000	39411648	1	1	1	0	2	3
chr3	39412062	39412273	1	1	1	0	1	13
chr3	42696878	42697000	2	2	1	0	1	7
chr3	45011394	45012182	1	1	1	0	1	6
chr3	45485797	45488696	1	1	1	0	1	5
chr3	47425612	47425996	2	2	1	0	12	4
chr3	48589719	48590212	2	2	1	2	0	6
chr3	48593697	48594367	2	2	1	1	0	8
chr3	48918999	48964918	1	1	1	1	0	4
chr3	49027048	49027709	2	2	1	1	0	8
chr3	49123632	49123727	2	2	1	0	1	6
chr3	50174115	50174230	1	1	1	1	0	7
chr3	50292541	50292587	2	2	1	1	0	4
chr3	52151172	52154354	2	2	1	1	2	6
chr3	52194345	52194471	0	0	1	0	1	4
chr3	53241246	53242124	2	2	1	2	0	3
chr3	54122836	54123512	1	1	1	1	0	12
chr3	55474630	55479313	2	2	1	3	0	14
chr3	56072207	56072252	2	2	0	0	1	23
chr3	60260210	60276169	1	1	0	0	1	12
chr3	88058224	88058814	2	2	1	1	0	12
chr3	101686558	101686671	2	2	1	0	1	3
chr3	107526399	107645835	1	1	1	0	1	3
chr3	113623121	113632779	1	1	0	0	1	14
chr3	113788876	113789731	1	1	1	1	0	3
chr3	119782301	119807228	1	1	1	0	1	4
chr3	125009825	125010438	2	2	1	1	0	23
chr3	127014630	127014710	1	1	1	0	1	5
chr3	128341890	128358216	1	1	1	0	2	7
chr3	129171772	129183775	2	2	1	0	3	6
chr3	129279204	129279709	1	1	1	2	0	8
chr3	129315868	129315966	1	1	0	1	0	40
chr3	129573746	129574335	2	2	1	0	1	8
chr3	134546289	134549061	1	1	1	0	1	3
chr3	134547469	134549061	1	3	1	0	1	3
chr3	137772131	137774523	1	1	1	0	10	7
chr3	141403153	141403926	1	1	1	0	1	3
chr3	152300368	152414940	1	1	1	1	0	7
chr3	160502203	160504000	2	2	1	0	1	5
chr3	184243997	184244600	2	2	1	1	0	12
chr3	185495316	185496827	2	2	1	0	1	11
chr3	185527586	185533570	2	2	1	0	1	6
chr3	186554752	186554897	2	2	1	0	2	7
chr3	193642846	193642974	1	1	1	0	1	7
chr3	194136713	194136960	1	1	1	0	1	4
chr3	195999192	195999331	2	2	0	0	1	17
chr3	196717955	196722414	1	1	1	0	1	3
chr3	196989148	197003900	2	2	1	0	1	3
chr3	197636774	197636913	2	2	0	0	1	17
chr3	197950222	197950935	1	1	1	0	1	4
chr3	198122080	198122536	0	0	1	1	0	7
chr4	521942	523458	1	1	1	1	0	6
chr4	963291	965175	2	2	1	0	1	5
chr4	1952232	1953323	1	3	1	1	0	5
chr4	3577124	3588050	1	1	1	0	1	3
chr4	4213005	4226461	2	2	1	0	8	5
chr4	6008533	6011829	2	2	1	0	1	5
chr4	16392460	16481675	2	2	0	1	1	12
chr4	37910361	38014508	1	1	1	0	1	4
chr4	42398334	42401011	1	1	1	0	1	3
chr4	47910995	47913968	2	2	1	0	1	3
chr4	53382336	53383772	1	1	1	0	1	7
chr4	56805940	56830352	1	1	0	1	0	24
chr4	57031337	57032425	2	2	1	1	0	14
chr4	57040934	57109876	2	2	1	2	0	19
chr4	74098923	74099020	2	2	1	1	0	10
chr4	80870136	80963516	1	1	1	0	1	7
chr4	82373778	82374118	2	2	1	1	0	4
chr4	99905707	99906037	2	2	1	0	1	7
chr4	102826637	102827426	2	2	1	1	0	5
chr4	108699285	108748128	2	2	0	0	1	12
chr4	108896712	108899153	2	2	1	0	1	6
chr4	121669725	121669953	2	2	1	0	1	3
chr4	121763873	121764130	2	2	1	0	1	3
chr4	145098420	145104385	1	1	1	1	0	11
chr4	151100589	151100974	1	1	1	0	1	20
chr4	152330869	152332595	2	2	1	1	0	5
chr4	163326706	163332795	2	2	1	0	2	4
chr4	169009000	169009947	2	2	1	0	1	5
chr4	173168962	173247979	1	1	1	1	0	12
chr4	185587689	185589678	2	2	1	1	0	4
chr4	190026769	190027026	2	2	1	0	1	8
chr5	474047	475136	1	1	1	1	0	11
chr5	766920	767391	2	4	1	0	2	5
chr5	865582	869244	2	4	1	1	0	36
chr5	1216687	1216788	1	1	1	0	1	4
chr5	10254206	10254673	1	1	1	1	0	14
chr5	14749307	14751068	2	2	1	1	0	11
chr5	24537675	24593259	2	2	1	1	0	8
chr5	33440792	33441045	1	3	1	0	2	4
chr5	34869014	34880180	1	1	1	0	1	5
chr5	40834607	40835182	2	2	1	4	0	10
chr5	41925499	41929696	1	1	1	0	1	6
chr5	43446558	43453657	2	2	1	1	0	4
chr5	55995555	56001748	1	1	1	0	1	3
chr5	56900416	56910175	2	2	1	0	1	5
chr5	65611882	65613726	2	2	1	0	1	4
chr5	66046539	66048666	1	1	1	0	1	3
chr5	67054493	67090161	1	1	1	0	1	6
chr5	73499203	73502487	1	1	1	2	0	20
chr5	77693353	77705565	2	2	1	0	1	5
chr5	77972273	78088737	2	2	0	5	0	12
chr5	80864943	80873115	1	1	1	0	1	7
chr5	82276256	82276397	2	2	1	1	0	17
chr5	83057155	83061876	2	2	1	1	0	18
chr5	83061912	83065007	2	2	1	1	0	8
chr5	86618131	86619352	1	1	1	0	1	14
chr5	88671086	88684657	2	2	1	0	1	3
chr5	91303972	91313637	2	2	1	0	1	3
chr5	91313230	91313637	2	2	1	0	1	3
chr5	112259980	112262493	2	2	1	1	0	19
chr5	131162677	131165094	2	2	1	1	0	4
chr5	134738793	134741062	1	1	1	0	5	9
chr5	134738793	134741065	1	1	1	0	5	4
chr5	136054081	136054715	1	1	1	1	0	8
chr5	139278859	139278904	1	5	0	1	0	19
chr5	139481705	139482209	2	2	1	2	0	19
chr5	141172591	141173473	2	2	1	0	1	4
chr5	141626072	141626193	2	2	1	1	0	8
chr5	141629740	141629859	2	2	1	3	0	12
chr5	146124087	146126434	2	2	1	0	1	3
chr5	146177666	146182487	2	2	1	1	0	3
chr5	149550182	149550841	2	2	1	1	0	11
chr5	151147927	151157679	2	2	1	0	1	5
chr5	151155702	151157679	2	2	1	0	1	3
chr5	154412736	154412888	1	1	1	0	2	7
chr5	159209511	159209542	0	0	1	0	1	4
chr5	160414473	160415124	2	2	1	0	1	4
chr5	163421085	163425802	2	2	0	1	0	18
chr5	171417426	171439992	1	1	0	1	0	13
chr5	177022914	177041125	1	1	1	1	0	6
chr5	177432311	177432705	1	1	1	1	0	6
chr5	177459741	177460431	2	2	1	0	1	6
chr5	177468900	177473435	2	2	1	1	0	4
chr5	178205047	178205841	1	1	1	2	0	4
chr5	179707191	179708238	1	1	1	1	0	6
chr5	179709060	179709872	1	1	1	0	1	3
chr5	179716295	179719667	1	1	1	2	0	14
chr5	179726760	179728590	1	1	1	1	0	9
chr5	181203641	181204021	2	2	1	0	1	5
chr5	181239583	181241491	2	2	1	2	0	9
chr5	181242346	181243691	2	2	1	6	0	11
chr6	7562781	7563735	1	1	1	1	1	3
chr6	8759959	8760376	1	1	1	0	1	3
chr6	27020607	27020702	1	1	1	8	34	5
chr6	27602661	27605731	2	2	0	0	2	14
chr6	28124678	28125412	1	1	1	5	3	8
chr6	28909089	28911695	2	2	1	2	0	5
chr6	29827918	29828046	1	1	1	0	1	8
chr6	29828819	29829417	1	1	1	0	1	6
chr6	29888743	29889327	1	1	1	0	1	6
chr6	29942627	29942756	1	1	1	0	1	8
chr6	29943027	29943267	1	1	1	1	0	10
chr6	30006670	30006799	1	1	1	0	1	8
chr6	30007594	30008188	1	1	1	0	1	6
chr6	30196747	30198428	2	2	1	0	2	4
chr6	30198525	30198665	2	2	1	1	0	16
chr6	30489596	30489725	1	1	1	0	1	8
chr6	30720564	30722536	1	1	1	0	1	11
chr6	30722646	30722917	1	1	1	0	2	10
chr6	30836323	30908500	1	3	0	0	2	12
chr6	31627199	31627764	1	1	1	1	0	7
chr6	31740221	31740453	1	1	1	1	0	6
chr6	32843090	32843849	2	2	1	0	1	7
chr6	33165985	33166790	2	2	1	0	1	4
chr6	33272727	33275796	1	1	1	0	1	7
chr6	33275884	33275964	1	1	1	0	1	3
chr6	33321978	33322628	2	2	1	0	1	3
chr6	34243519	34244830	1	1	1	0	1	9
chr6	34421808	34424668	2	2	1	0	1	11
chr6	35214504	35227579	1	1	1	0	1	3
chr6	36294400	36295363	1	1	1	0	2	8
chr6	36954932	36959144	1	1	1	1	0	10
chr6	36977251	36977633	2	2	1	4	0	17
chr6	37015861	37020540	1	1	1	0	1	6
chr6	42050587	42051356	1	1	1	0	1	5
chr6	42126844	42128671	2	2	1	0	1	3
chr6	42644537	42645465	1	1	1	1	0	13
chr6	43018557	43018632	1	1	1	0	1	7
chr6	44247196	44248629	1	1	1	0	1	3
chr6	47577104	47579384	1	1	1	0	1	3
chr6	52995841	52995877	2	2	0	1	0	24
chr6	63636151	63646526	1	1	1	1	0	11
chr6	73519517	73519882	2	2	1	0	1	13
chr6	75087748	75089105	2	2	1	0	1	6
chr6	89743281	89743575	2	2	1	1	0	12
chr6	90271942	90296479	2	2	1	0	1	3
chr6	104940214	104940377	2	2	1	1	0	4
chr6	107924933	107929414	2	2	1	1	0	3
chr6	109376113	109377899	2	2	1	0	1	4
chr6	109447441	109447680	2	2	1	1	0	5
chr6	109454240	109455610	2	2	1	2	0	4
chr6	134133678	134133827	1	1	0	0	1	24
chr6	138092269	138096353	2	2	1	1	0	4
chr6	138207124	138209909	1	1	1	1	0	6
chr6	144514038	144514649	1	1	1	0	1	4
chr6	149771267	149772013	1	1	1	0	1	3
chr6	158560233	158573419	1	1	1	1	0	8
chr6	158787204	158789287	2	2	1	1	0	3
chr6	159763054	159767004	1	1	1	1	0	13
chr6	159804638	159805982	1	1	1	0	1	5
chr6	165792094	165792227	2	2	1	0	1	7
chr6	168608240	168650680	1	1	1	0	1	3
chr6	169572541	169582835	2	2	1	0	2	5
chr6	170695405	170696099	1	1	1	0	1	6
chr7	1567851	1569123	2	2	1	0	1	5
chr7	5528720	5529160	2	2	1	0	1	15
chr7	6577499	6578565	1	1	1	0	5	7
chr7	10938148	10938807	2	2	1	0	1	11
chr7	12876771	12917207	2	2	0	0	3	14
chr7	26208556	26211661	1	1	1	1	0	6
chr7	26555228	26558397	1	1	1	1	0	8
chr7	30062028	30062671	1	1	1	0	1	6
chr7	30576711	30579230	2	2	1	2	0	4
chr7	32489345	32495229	2	2	1	0	1	5
chr7	38217079	38217187	1	1	1	2	0	13
chr7	44118877	44121833	2	2	1	0	1	7
chr7	44843355	44847968	2	2	1	1	0	3
chr7	46531404	46558618	1	1	0	1	0	12
chr7	56054504	56055623	1	1	1	1	0	9
chr7	56082254	56083277	2	2	1	0	1	5
chr7	76461837	76463544	1	1	1	0	2	14
chr7	76479121	76480420	1	1	1	0	1	5
chr7	76959950	76961656	1	1	1	0	2	14
chr7	77312203	77313487	2	2	1	0	1	6
chr7	79283921	79301609	1	1	0	1	0	14
chr7	80135279	80180594	1	1	1	0	2	6
chr7	81982628	81984634	2	2	1	1	0	9
chr7	88217192	88218858	2	2	1	1	0	6
chr7	95284217	95286205	1	1	1	0	1	7
chr7	97117898	97136387	1	3	1	1	0	5
chr7	99392877	99394028	1	1	1	2	0	14
chr7	99667066	99672579	2	2	1	0	1	7
chr7	100090488	100090591	1	1	1	1	0	12
chr7	100097385	100097613	2	2	1	0	1	4
chr7	100099754	100100013	2	2	1	1	0	13
chr7	101817476	101817593	1	1	0	1	0	21
chr7	105819597	105819671	1	1	0	0	1	21
chr7	106097898	106099157	2	2	1	1	0	10
chr7	108002972	108003110	2	2	1	1	0	12
chr7	108043897	108044243	2	2	1	0	1	5
chr7	116525806	116526524	1	1	1	0	1	3
chr7	120856834	120857232	2	2	1	0	1	4
chr7	125918119	125920056	1	1	1	0	1	4
chr7	128023769	128024098	1	1	0	2	0	24
chr7	139906151	139950128	1	1	0	0	1	16
chr7	140697222	140700869	1	1	1	0	2	7
chr7	144188396	144195537	2	2	1	0	1	4
chr7	144355502	144362657	1	1	1	0	1	4
chr7	148963348	148963378	1	5	0	1	0	29
chr7	149266731	149266818	1	1	1	1	0	2
chr7	149436827	149450998	2	2	1	0	1	5
chr7	149780132	149780237	1	1	1	0	1	4
chr7	151522798	151566990	2	2	0	0	1	13
chr7	155297960	155298258	1	1	1	1	0	6
chr7	158739122	158741522	2	2	1	2	0	10
chr8	1771598	1780249	1	1	1	1	0	4
chr8	1923875	1925285	1	1	1	1	0	3
chr8	1925405	1928426	1	1	1	0	1	7
chr8	2595687	2802113	1	1	0	4	1	12
chr8	11724968	11725117	1	1	0	1	0	12
chr8	21059936	21128883	2	2	1	1	0	5
chr8	23290470	23291360	1	1	1	0	2	3
chr8	23322282	23328381	2	2	1	2	0	4
chr8	25310533	25317006	1	1	1	2	0	21
chr8	28093234	28097218	1	1	1	2	0	10
chr8	28731351	28737518	1	1	1	0	4	4
chr8	29196200	29245345	2	2	1	0	1	4
chr8	37608359	37628295	1	1	0	1	0	13
chr8	39018919	39021642	1	1	1	1	0	5
chr8	40511508	40543261	1	1	0	1	0	12
chr8	41490618	41490832	1	1	1	0	1	7
chr8	42292974	42331202	2	2	0	0	1	12
chr8	47794502	47798236	2	2	1	1	0	7
chr8	47800987	47803305	2	2	1	1	0	5
chr8	47858987	47859610	2	2	1	1	0	16
chr8	56073769	56074059	2	2	1	2	0	8
chr8	60233970	60243601	2	2	0	1	0	12
chr8	61503510	61517527	2	2	1	1	0	16
chr8	65841845	65841916	1	1	0	1	0	39
chr8	69690165	69690193	1	1	0	0	3	17
chr8	76984196	76986186	2	2	1	2	0	27
chr8	80665083	80670502	2	2	1	0	2	4
chr8	85202257	85203093	1	1	1	0	1	9
chr8	87195336	87239624	2	2	0	0	1	12
chr8	95041627	95045544	1	1	1	1	0	9
chr8	98045089	98045346	2	2	1	2	0	15
chr8	98045400	98045507	2	2	1	2	0	4
chr8	100657868	100663141	2	2	1	27	17	6
chr8	100717889	100718086	2	2	1	1	0	3
chr8	106696835	106697389	2	2	0	2	0	30
chr8	108235098	108236160	2	2	1	0	1	4
chr8	118928930	118932930	2	2	1	1	0	4
chr8	122693437	122693880	2	2	1	0	1	8
chr8	123380678	123396182	2	2	1	0	1	6
chr8	125000072	125003175	1	1	1	0	1	6
chr8	127218920	127223537	2	2	1	1	0	10
chr8	142339892	142364667	1	1	0	0	1	12
chr8	143316127	143317722	2	2	1	0	1	6
chr8	143542397	143549655	2	2	1	1	1	4
chr8	143838776	143838882	2	2	1	1	0	4
chr8	143925885	143926783	2	2	1	1	0	9
chr8	144078900	144079942	1	3	1	0	1	3
chr8	144096745	144097033	1	1	1	1	0	4
chr8	144261350	144261654	1	1	1	0	2	4
chr8	144791496	144791772	2	2	1	1	0	10
chr8	144792141	144792365	2	2	1	1	0	8
chr8	144829605	144837393	1	1	1	0	3	3
chr9	2643532	2643627	1	1	1	0	1	3
chr9	2725908	2726227	1	1	0	1	0	33
chr9	4663411	4666211	2	2	1	1	5	5
chr9	16727107	16727314	1	1	1	2	1	7
chr9	19378919	19379486	2	2	1	1	0	4
chr9	19379619	19380189	2	2	1	0	1	6
chr9	33926665	33926988	2	2	1	0	4	3
chr9	35091534	35092526	2	2	1	0	1	6
chr9	35561098	35561180	1	1	1	1	0	20
chr9	35605426	35605473	0	0	1	0	1	5
chr9	35657784	35657935	1	1	0	1	0	24
chr9	35657976	35658002	1	1	0	1	0	16
chr9	35813785	35814898	2	2	1	1	0	4
chr9	40483093	40483519	2	2	1	0	1	7
chr9	41653179	41654282	2	4	1	0	1	6
chr9	63141438	63141864	1	1	1	0	1	7
chr9	63318608	63319034	2	2	1	0	1	7
chr9	64623097	64623523	2	2	1	0	1	7
chr9	65892827	65893253	1	1	1	0	1	7
chr9	70280900	70282421	1	1	1	1	0	6
chr9	83978280	83978372	2	2	1	0	1	8
chr9	86033396	86035367	2	2	1	1	0	8
chr9	92268301	92269884	2	2	1	1	0	9
chr9	92875060	92877819	2	2	1	0	1	6
chr9	93096918	93112137	2	2	0	0	1	13
chr9	93184386	93184927	1	1	1	2	4	7
chr9	107322119	107323889	1	1	1	1	0	11
chr9	109050693	109057190	2	2	1	0	2	7
chr9	110451403	110455589	2	2	1	0	1	4
chr9	120833457	120842736	2	2	1	1	0	10
chr9	121774413	121776197	1	1	1	0	4	4
chr9	124015526	124021098	1	1	1	1	2	5
chr9	125237155	125238140	2	2	1	1	0	13
chr9	127505479	127506190	1	3	0	1	0	29
chr9	127527323	127531647	2	2	1	0	1	3
chr9	127651653	127653714	1	1	1	1	0	12
chr9	127788386	127788543	1	1	1	1	0	24
chr9	127803063	127804284	1	1	1	1	0	10
chr9	127868513	127871822	2	2	1	1	0	10
chr9	127914842	127916407	2	2	1	1	0	12
chr9	128355563	128355649	1	1	1	1	0	28
chr9	128552697	128566737	1	1	1	1	0	13
chr9	128833827	128835322	2	2	1	0	1	6
chr9	128933858	128934010	1	1	1	3	0	7
chr9	129835500	129849812	1	1	1	0	1	4
chr9	130305003	130306128	1	1	1	0	1	7
chr9	130579765	130595482	1	1	1	0	1	6
chr9	131041736	131045523	1	1	1	0	2	7
chr9	131045661	131049019	1	1	1	1	0	3
chr9	131518958	131519393	1	1	1	0	1	6
chr9	133349043	133349550	1	1	1	3	1	12
chr9	133350053	133350239	1	1	1	1	1	18
chr9	133350320	133350596	1	1	1	0	2	4
chr9	133351072	133351261	1	1	1	0	1	18
chr9	133365027	133365984	2	2	1	1	0	8
chr9	133952085	133992158	2	2	0	1	0	12
chr9	134067383	134067786	1	1	0	1	0	14
chr9	134767355	134768409	1	1	1	3	0	21
chr9	134796902	134798407	1	1	1	2	0	18
chr9	134811393	134811491	1	1	1	1	0	12
chr9	134811600	134812448	1	1	1	3	0	8
chr9	134825905	134829975	1	1	1	1	0	8
chr9	134911268	134912485	2	2	1	0	1	3
chr9	135088140	135090194	1	1	1	1	0	1
chr9	135500754	135500997	1	1	1	1	0	11
chr9	135565515	135565784	1	1	1	0	2	7
chr9	135818617	135819009	2	2	1	0	1	5
chr9	136200754	136202945	2	2	1	0	2	5
chr9	136337073	136337440	1	1	1	0	1	7
chr9	138199095	138200411	2	2	0	0	1	13
chr10	5900360	6122228	2	2	0	5	0	18
chr10	12196024	12196129	1	1	1	0	1	5
chr10	20211730	20217425	1	1	1	2	0	18
chr10	25695954	25731620	1	1	1	0	1	4
chr10	35317997	35355446	1	1	0	0	1	21
chr10	43243385	43243422	1	1	0	1	0	14
chr10	43803936	43833101	1	1	0	1	0	14
chr10	48187293	48192683	2	2	1	0	1	3
chr10	50021468	50048201	2	2	1	0	1	6
chr10	58269305	58277116	1	1	1	2	0	5
chr10	61940409	62000090	1	1	1	1	0	17
chr10	65689612	65715657	1	1	1	1	0	6
chr10	68721407	68722454	1	1	1	1	5	6
chr10	68967204	68968975	1	1	1	2	0	7
chr10	68989213	68989716	1	1	1	2	9	7
chr10	70100298	70105951	1	1	1	0	1	4
chr10	70539763	70541101	1	1	1	1	1	3
chr10	71829078	71831125	2	2	1	1	0	12
chr10	73047102	73051052	2	2	1	1	0	6
chr10	73218257	73251934	2	2	0	0	1	13
chr10	73791500	73791858	1	1	1	0	1	9
chr10	74083514	74089195	1	1	1	2	0	5
chr10	84081598	84081896	0	0	1	0	2	29
chr10	91981793	91982082	1	1	1	1	0	16
chr10	92974233	92997473	1	1	1	1	0	12
chr10	93356849	93359832	2	2	1	0	1	3
chr10	95904936	95907662	2	2	1	0	1	5
chr10	99898761	99899918	2	2	1	0	1	4
chr10	100286333	100286604	2	2	1	0	1	6
chr10	100356765	100360733	1	1	1	1	1	11
chr10	102798096	102809892	1	1	1	1	0	6
chr10	116601202	116604029	1	1	1	0	1	5
chr10	117241221	117241678	1	1	1	0	1	3
chr10	117270191	117270329	1	1	1	0	1	10
chr10	124046725	124092323	2	2	1	0	1	6
chr10	125575140	125575879	1	1	1	0	1	4
chr10	125785261	125794879	2	2	1	0	3	4
chr10	130136513	130145210	1	1	1	0	2	10
chr10	133326121	133326877	2	2	1	3	2	8
chr10	133626307	133626564	2	2	1	0	1	8
chr11	209319	209478	1	1	1	0	1	6
chr11	380020	380100	1	1	1	0	1	6
chr11	558785	558855	2	2	1	0	1	4
chr11	651408	653961	2	2	1	0	1	7
chr11	721692	722400	1	1	1	0	1	4
chr11	756003	758949	1	1	1	0	1	3
chr11	2133276	2170141	2	2	0	1	0	12
chr11	2395521	2395868	1	1	1	1	0	18
chr11	5520912	5521620	2	2	1	1	1	5
chr11	8684082	8684717	1	1	1	0	1	5
chr11	8911355	8911614	1	1	1	1	0	3
chr11	9694287	9703395	1	1	1	0	1	3
chr11	10509586	10549799	2	2	0	0	1	12
chr11	15149231	15175740	1	1	1	0	1	4
chr11	16748158	16752784	1	1	1	1	0	4
chr11	17075624	17076442	2	2	1	1	0	6
chr11	17075624	17077167	2	2	1	1	0	16
chr11	17077478	17077618	2	2	1	0	1	8
chr11	18403014	18403693	1	1	1	2	0	15
chr11	24914539	24976590	1	1	1	0	4	8
chr11	31650222	31714630	1	1	1	0	1	3
chr11	44075593	44077278	1	1	1	0	1	5
chr11	44103746	44107682	1	1	1	4	0	25
chr11	44545942	44565106	2	2	0	1	0	12
chr11	45924678	45924784	1	1	1	0	2	6
chr11	46366985	46367290	1	1	1	0	1	5
chr11	46758673	46803018	2	2	0	0	1	16
chr11	57335241	57335729	2	2	1	1	0	17
chr11	57738771	57738973	1	1	1	1	0	9
chr11	57741955	57742116	1	1	1	1	0	17
chr11	60842883	60847923	1	1	1	1	0	20
chr11	60901370	60901498	2	2	1	2	0	6
chr11	60914269	60919685	1	1	1	2	0	18
chr11	60935444	60935863	1	1	1	1	0	7
chr11	61754446	61755634	2	2	1	0	1	4
chr11	61790603	61792555	2	2	1	1	0	11
chr11	61967454	61967547	0	0	1	1	0	8
chr11	62571683	62571837	2	2	1	0	1	12
chr11	62772000	62772076	2	2	1	0	1	5
chr11	62836037	62839113	2	2	1	1	0	10
chr11	62881448	62881892	1	1	1	1	0	15
chr11	63986515	63988336	1	1	1	1	0	11
chr11	64245288	64246415	2	2	1	0	1	4
chr11	64268769	64268868	2	2	0	1	0	26
chr11	64797193	64797274	2	2	1	0	1	6
chr11	65120807	65120980	2	2	1	1	0	11
chr11	65121822	65122089	2	2	1	2	0	8
chr11	66560077	66560170	1	1	1	0	1	4
chr11	66567322	66567443	2	2	1	2	0	10
chr11	66568083	66568170	2	2	1	2	15	8
chr11	66688312	66688652	2	2	1	0	1	6
chr11	68929358	68930357	1	1	1	1	2	8
chr11	70417124	70419745	1	1	1	1	0	3
chr11	72111497	72112649	2	2	1	0	1	6
chr11	75291276	75318632	1	1	0	0	1	17
chr11	75399578	75400693	1	1	1	1	0	9
chr11	75401734	75402351	1	1	1	4	1	30
chr11	75404208	75404671	1	1	1	2	1	13
chr11	75449984	75456756	2	2	1	0	1	5
chr11	78441118	78443660	2	2	1	0	1	4
chr11	83167506	83168427	1	1	1	1	0	6
chr11	88300646	88309162	2	2	1	1	0	3
chr11	88312555	88334936	2	2	1	0	1	3
chr11	107560900	107565600	2	2	1	0	1	5
chr11	114061643	114063210	1	1	1	1	0	9
chr11	114156435	114186951	1	1	1	0	3	6
chr11	117408756	117408889	1	1	1	0	1	4
chr11	119056168	119057019	2	2	1	2	0	6
chr11	119101139	119101494	2	2	1	0	1	4
chr11	119185511	119185921	1	1	1	0	1	6
chr11	119358062	119358148	2	2	1	0	1	7
chr11	120477527	120478155	1	1	1	1	0	13
chr11	120875244	120898531	1	1	1	0	1	5
chr11	123060269	123060592	2	2	1	0	1	6
chr11	123634207	123638185	2	2	1	0	1	6
chr11	124631418	124632092	1	1	1	1	0	5
chr11	124636533	124637280	1	1	0	0	8	12
chr12	2801357	2803150	1	1	1	0	1	6
chr12	3077454	3083652	1	1	1	0	1	6
chr12	6534570	6534809	1	1	1	3	0	7
chr12	6537011	6537100	1	1	1	0	1	10
chr12	6537391	6537583	1	1	1	0	1	10
chr12	6563515	6563613	2	6	1	1	0	4
chr12	6750008	6750176	2	2	1	2	0	7
chr12	6750767	6751640	2	2	1	1	0	11
chr12	6873776	6877498	2	2	1	0	3	6
chr12	7189751	7190361	1	1	1	0	1	3
chr12	7749200	7751429	2	2	1	1	0	6
chr12	8917792	8919755	1	1	1	0	1	1
chr12	19354003	19358227	1	1	1	0	1	9
chr12	20650601	20653946	1	1	1	1	0	14
chr12	22325933	22333996	2	2	1	0	1	4
chr12	31003905	31004021	1	5	0	1	0	26
chr12	31423676	31424534	2	2	1	0	1	4
chr12	42483986	42589464	2	2	1	2	18	4
chr12	42550330	42589464	2	2	1	0	1	3
chr12	48957554	48970359	2	2	0	0	1	12
chr12	49044966	49045919	2	2	1	1	0	17
chr12	49046175	49046259	2	2	1	1	0	10
chr12	49128939	49129241	2	2	1	0	1	6
chr12	49269977	49272252	1	1	1	0	1	6
chr12	49559302	49559452	2	2	1	7	9	3
chr12	49749735	49752465	1	1	1	1	0	4
chr12	50685957	50686572	1	1	1	1	0	4
chr12	51391196	51391600	2	2	1	17	20	5
chr12	52070484	52073574	1	1	1	2	0	21
chr12	52949591	52950327	1	1	1	0	1	8
chr12	53060760	53060848	1	3	1	0	2	8
chr12	54282824	54283826	1	1	1	0	1	6
chr12	54325182	54340546	1	1	1	0	1	6
chr12	54399948	54400845	2	2	1	1	0	13
chr12	55760641	55789074	2	2	1	0	1	19
chr12	56033322	56034570	1	1	1	0	1	4
chr12	56042170	56042424	1	1	1	3	0	18
chr12	56116660	56116774	1	1	1	0	2	9
chr12	56116800	56117188	1	1	1	1	0	6
chr12	56117212	56117481	1	1	1	1	0	3
chr12	56158712	56159586	1	1	1	0	1	9
chr12	56159731	56159974	1	1	1	1	0	10
chr12	56160149	56160242	1	1	1	0	1	9
chr12	56433128	56433380	2	2	1	1	0	7
chr12	56599359	56599701	2	2	1	1	0	11
chr12	56673066	56687997	2	2	1	0	1	5
chr12	57098598	57098791	2	2	1	1	0	7
chr12	57200536	57200698	1	1	1	2	0	7
chr12	57771258	57771973	2	2	1	0	1	5
chr12	76049251	76049755	2	2	1	3	0	29
chr12	79790484	79793862	2	2	1	0	1	8
chr12	81374769	81375795	2	2	1	0	8	8
chr12	93411300	93441854	2	2	1	0	1	3
chr12	93479473	93487496	1	1	1	1	0	4
chr12	95067392	95073379	2	2	1	0	1	6
chr12	100060044	100072671	2	2	1	0	1	7
chr12	101642586	101644663	1	1	1	0	1	7
chr12	101790058	101796676	2	2	1	1	0	5
chr12	103762403	103763491	1	1	1	0	2	5
chr12	103932419	103932825	1	1	1	1	0	12
chr12	103956749	103957139	2	2	1	1	0	5
chr12	108515362	108516914	1	1	1	0	7	3
chr12	109168035	109171804	1	1	1	0	2	3
chr12	110296738	110322991	1	1	1	1	0	8
chr12	113221584	113225243	1	1	1	1	2	7
chr12	113221584	113226727	1	1	1	0	13	6
chr12	113221627	113226727	1	1	1	3	8	6
chr12	117075341	117099224	2	2	1	0	1	1
chr12	120131334	120131925	2	2	1	0	2	4
chr12	120155041	120155240	2	2	1	1	0	7
chr12	120199206	120199309	2	2	1	1	0	12
chr12	120291835	120293169	1	1	0	0	3	31
chr12	120291886	120293220	2	2	0	0	2	15
chr12	120989033	120994163	1	1	1	0	1	5
chr12	121420335	121420576	1	1	1	0	1	6
chr12	121578947	121579611	2	2	1	0	2	5
chr12	121817905	121819403	1	1	1	2	0	14
chr12	122975384	122975810	1	1	1	0	7	3
chr12	122980746	122981128	1	1	1	0	1	5
chr12	124914763	124915165	2	2	1	0	3	6
chr12	127166168	127166325	1	1	0	0	2	15
chr12	128801010	128808787	2	2	1	1	0	6
chr12	132121580	132121689	1	1	1	0	1	4
chr12	132121580	132121924	1	1	1	0	1	5
chr13	35117494	35118227	1	1	1	0	1	7
chr13	38921775	38948427	2	2	0	2	0	12
chr13	45340185	45340711	2	2	1	3	0	3
chr13	46386726	46387143	2	2	1	0	1	5
chr13	51768297	51769155	2	2	1	1	0	8
chr13	54127430	54132612	2	2	1	0	1	5
chr13	54940316	54941967	1	1	1	0	1	3
chr13	98191224	98203989	2	2	0	1	0	13
chr13	98329160	98332770	1	1	1	0	1	5
chr13	99243952	99244514	1	1	1	1	0	3
chr13	99541668	99543862	1	1	1	1	0	6
chr13	100494641	100503866	2	2	0	1	0	16
chr13	110504265	110506414	1	1	1	3	0	16
chr13	111863511	111893331	2	2	0	1	0	12
chr14	20613839	20631215	2	2	0	1	0	17
chr14	21211307	21211405	2	2	1	1	0	8
chr14	21263337	21269297	2	2	1	1	0	6
chr14	22579264	22589711	1	1	0	1	0	12
chr14	22829941	22830049	1	1	1	1	0	5
chr14	23405128	23405222	2	2	1	0	2	5
chr14	24148877	24149405	1	1	1	0	1	6
chr14	34546751	34546818	2	6	0	0	2	29
chr14	38191232	38193240	1	1	1	0	1	4
chr14	40318557	40386251	1	1	1	0	1	4
chr14	49583676	49585949	2	2	1	0	1	5
chr14	49586050	49586284	2	2	1	2	0	6
chr14	49586679	49586829	0	0	0	3	0	45
chr14	49853680	49853808	2	2	0	1	0	45
chr14	49853839	49862774	2	2	0	2	31	40
chr14	49853839	49883616	2	2	0	0	2	14
chr14	49853842	49862774	2	2	0	1	0	24
chr14	49853882	49862640	2	2	0	1	0	38
chr14	49862774	49883616	2	2	0	0	2	14
chr14	50204410	50231196	2	2	1	1	0	10
chr14	50893759	50901828	1	1	1	0	1	4
chr14	51397121	51584165	2	2	1	0	1	6
chr14	54566311	54567495	1	1	1	0	1	3
chr14	55673013	55673171	1	1	1	2	0	13
chr14	58910343	58912520	1	1	1	0	2	3
chr14	69952304	69953419	1	1	1	2	0	18
chr14	69953533	69975714	1	1	1	0	1	4
chr14	69977966	69992416	1	1	1	0	1	5
chr14	73654886	73658846	1	1	1	0	1	6
chr14	76634843	76634911	2	2	0	1	0	24
chr14	89621946	89712536	2	2	0	0	2	13
chr14	92576382	92577359	1	1	1	0	1	7
chr14	93115306	93115771	2	2	1	0	1	3
chr14	94961982	94962237	2	2	1	0	1	5
chr14	102044492	102044594	1	1	1	1	0	12
chr14	103132873	103133361	1	1	1	0	1	5
chr14	103521951	103522022	2	2	1	0	1	8
chr14	103522506	103522765	2	2	1	1	0	19
chr14	103873462	103873877	1	1	1	0	8	7
chr14	104775800	104776658	2	2	1	2	0	8
chr14	104991621	104992947	1	1	1	0	3	3
chr14	105249086	105249156	1	1	1	0	1	3
chr14	105474906	105478265	1	1	1	1	0	6
chr14	105487300	105488165	1	1	1	1	0	6
chr14	106620756	106636685	2	2	0	1	0	16
chr15	30992242	31026964	1	1	1	0	1	7
chr15	34261021	34275344	2	2	1	1	0	5
chr15	39593669	39594098	1	1	1	1	0	12
chr15	40037019	40038281	2	2	1	1	0	3
chr15	40038949	40039092	2	2	1	0	1	3
chr15	40317968	40331612	2	2	0	1	0	14
chr15	40389612	40389835	1	1	1	1	0	20
chr15	40776293	40776541	2	2	1	0	1	6
chr15	42191561	42192065	2	2	1	0	3	5
chr15	42960702	42963934	2	2	1	1	0	4
chr15	43611911	43612798	2	2	1	0	1	4
chr15	45129616	45129851	2	2	1	0	1	3
chr15	48430803	48432865	2	2	1	1	0	13
chr15	48635259	48638877	2	2	0	0	1	12
chr15	52205217	52243810	1	1	0	1	0	12
chr15	52557223	52568847	2	2	1	1	0	5
chr15	52709957	52721299	1	1	0	1	0	12
chr15	55344124	55360602	1	1	0	1	0	13
chr15	56101567	56102168	2	2	1	1	0	15
chr15	65296095	65304721	2	2	0	0	1	19
chr15	65296121	65304747	2	2	0	1	11	27
chr15	66500177	66500292	2	2	1	1	0	3
chr15	66502751	66503057	2	2	1	1	0	24
chr15	66676559	66726898	2	2	0	2	0	12
chr15	68339645	68348829	2	2	1	1	0	7
chr15	69453021	69453646	1	1	1	0	1	6
chr15	69453722	69455169	1	1	1	2	1	9
chr15	69455288	69455427	1	1	1	3	2	22
chr15	69565528	69569971	1	1	1	0	1	3
chr15	69628937	69631625	1	1	1	0	28	6
chr15	72169940	72170337	2	2	1	0	4	3
chr15	72200656	72202453	2	2	1	0	1	4
chr15	72208892	72209672	2	2	1	1	0	13
chr15	72209860	72210346	2	2	1	0	1	3
chr15	72219111	72231115	2	2	1	2	0	3
chr15	76310065	76311349	2	2	1	0	1	6
chr15	77998304	78001618	2	2	1	0	1	5
chr15	83022479	83024125	2	4	1	0	1	23
chr15	83858841	83861484	1	1	1	0	1	5
chr15	89799316	89799425	2	2	1	1	3	10
chr15	90390874	90426109	1	1	1	1	0	6
chr15	100915981	100918803	2	2	1	0	1	9
chr16	262554	263261	1	1	1	1	0	12
chr16	489001	496823	1	1	1	0	1	6
chr16	634798	635280	2	2	1	1	0	5
chr16	697420	705511	2	2	1	1	0	8
chr16	715394	715583	1	1	1	1	0	3
chr16	773046	773128	2	2	1	0	2	3
chr16	1352160	1352238	1	1	1	1	0	3
chr16	1524696	1524783	2	2	1	0	1	6
chr16	1939144	1940777	2	2	1	1	0	10
chr16	1964629	1964806	2	2	1	1	0	7
chr16	2090809	2090883	2	2	1	1	0	3
chr16	2462733	2464038	1	1	1	1	0	8
chr16	2514183	2519217	1	1	1	0	1	4
chr16	3021320	3021554	1	1	1	0	1	3
chr16	4441576	4442267	1	1	1	2	0	11
chr16	4859969	4860663	1	1	1	1	1	6
chr16	4987707	4988148	1	1	1	0	8	4
chr16	5031885	5032990	2	2	1	0	1	3
chr16	5031885	5033272	2	2	1	0	1	3
chr16	5031885	5033340	2	2	1	0	1	3
chr16	8621776	8625495	1	1	1	0	1	3
chr16	14363296	14369935	2	2	1	0	1	6
chr16	14844775	14846576	1	1	1	0	3	10
chr16	14882678	14884371	1	1	1	0	1	3
chr16	16243262	16245067	1	1	1	0	3	10
chr16	16281323	16283015	1	1	1	0	1	3
chr16	18429121	18430814	2	2	1	0	1	3
chr16	18511657	18513349	2	2	1	0	1	3
chr16	18528072	18529500	2	2	1	0	1	6
chr16	18549628	18551438	2	2	1	0	3	10
chr16	18784824	18788062	2	2	1	1	0	7
chr16	18789119	18790309	2	2	1	1	0	4
chr16	19035811	19037877	1	1	1	0	1	6
chr16	20805946	20806407	2	2	1	1	0	4
chr16	23755734	23755846	1	1	1	0	4	6
chr16	27286745	27290244	1	1	1	0	1	3
chr16	28401397	28401538	2	2	1	0	1	12
chr16	28403649	28403786	2	2	1	0	1	21
chr16	28711519	28711656	1	1	1	0	1	21
chr16	28713767	28713908	1	1	1	0	1	12
chr16	29887818	29888539	2	2	1	1	0	19
chr16	29962133	29963106	1	1	1	1	0	5
chr16	30762361	30762474	1	1	1	1	0	5
chr16	31376916	31376999	1	1	1	0	1	3
chr16	33570649	33579184	1	1	0	0	1	15
chr16	34160677	34160884	1	1	0	0	2	27
chr16	50677536	50681189	2	2	1	1	0	4
chr16	50742217	50742761	1	1	1	1	0	4
chr16	54255622	54302337	2	2	0	1	0	12
chr16	56666971	56667311	2	2	1	0	2	27
chr16	56683231	56683957	1	1	1	0	2	27
chr16	57146322	57147550	1	1	1	0	1	5
chr16	58770629	58770777	1	1	0	0	1	24
chr16	67167223	67167302	1	1	1	0	1	7
chr16	67169349	67169727	1	1	1	0	1	5
chr16	67835659	67846771	2	2	1	0	4	5
chr16	68023616	68025414	1	1	1	0	1	5
chr16	70778267	70779095	2	2	0	0	1	14
chr16	70788708	70789521	1	1	0	0	1	14
chr16	71454219	71456763	2	2	1	1	0	12
chr16	74471287	74472348	2	2	1	1	0	12
chr16	74904101	74909500	2	2	1	0	1	3
chr16	85654992	85655725	1	1	1	1	0	10
chr16	87687808	87702360	1	1	0	1	0	12
chr16	87837942	87838713	2	2	1	1	0	6
chr16	87841156	87851723	2	2	1	1	0	7
chr16	88663401	88671407	1	1	1	0	1	5
chr16	89217911	89220996	1	1	1	0	1	6
chr16	89649498	89651568	2	2	1	1	0	6
chr16	89695346	89695728	1	1	1	1	0	3
chr16	90009431	90019727	2	2	1	0	5	6
chr17	1659549	1659840	2	2	1	2	0	4
chr17	3903632	3903927	2	2	1	0	1	4
chr17	4796796	4797437	1	1	1	1	0	5
chr17	4999971	5000219	1	1	1	1	0	4
chr17	7350055	7350126	1	1	1	0	1	6
chr17	7674291	7674858	2	2	1	1	0	3
chr17	8147579	8147673	2	2	1	0	1	4
chr17	8382316	8383156	2	2	1	0	1	12
chr17	16439550	16440081	2	2	0	0	4	25
chr17	17682564	17683545	1	3	1	0	1	4
chr17	17814748	17814834	2	2	1	1	0	7
chr17	18255264	18256525	2	2	1	1	1	7
chr17	19018936	19062103	1	1	0	1	0	14
chr17	19061958	19188062	1	1	0	0	5	20
chr17	19062055	19188159	2	2	0	0	6	35
chr17	19062118	19188105	1	1	0	0	15	27
chr17	19062124	19188109	1	1	0	17	8	33
chr17	19062127	19188105	1	1	0	0	3	36
chr17	19062134	19188091	2	2	0	16	2	43
chr17	19062145	19188091	2	2	0	3	0	47
chr17	19063949	19112173	2	2	0	0	1	33
chr17	19063993	19112493	1	1	0	0	6	35
chr17	19063993	19112504	1	1	0	0	1	14
chr17	19063993	19190102	1	1	0	0	4	14
chr17	19064043	19112424	2	2	0	0	7	33
chr17	19064043	19112430	2	2	0	0	2	24
chr17	19064043	19190033	2	2	0	0	7	33
chr17	19064047	19112421	2	2	0	0	3	36
chr17	19064047	19112430	2	2	0	0	15	27
chr17	19064047	19190030	2	2	0	0	3	36
chr17	19064047	19190039	2	2	0	0	15	27
chr17	19064049	19112430	2	2	0	0	1	24
chr17	19064051	19112430	2	2	0	0	5	27
chr17	19064051	19190039	2	2	0	0	5	27
chr17	19064055	19112430	2	2	0	0	1	27
chr17	19064071	19112424	2	2	0	0	2	33
chr17	19064073	19112424	2	2	0	0	1	30
chr17	19064090	19112590	2	2	0	0	4	20
chr17	19064090	19190199	2	2	0	0	5	20
chr17	19112493	19190102	1	1	0	0	4	14
chr17	19112543	19190033	2	2	0	0	7	33
chr17	19112543	19190039	2	2	0	0	2	24
chr17	19112547	19190030	2	2	0	0	3	36
chr17	19112547	19190039	2	2	0	0	15	27
chr17	19112547	19190155	2	2	0	0	3	20
chr17	19112549	19190039	2	2	0	0	2	27
chr17	19112551	19190039	2	2	0	0	5	27
chr17	19112571	19190033	2	2	0	0	2	33
chr17	19112590	19190199	2	2	0	0	2	20
chr17	19188125	19188203	1	1	0	1	0	29
chr17	19190061	19190138	0	0	0	1	2	31
chr17	19534075	19542392	1	1	1	1	0	7
chr17	19745135	19745376	2	2	1	0	1	3
chr17	21298480	21298877	1	1	1	0	1	7
chr17	27294436	27304779	1	1	1	0	1	3
chr17	27294436	27306781	1	1	1	0	1	3
chr17	28388540	28395904	1	1	1	1	0	10
chr17	28882692	28883107	2	2	1	2	0	18
chr17	28950247	28951466	2	2	1	0	1	6
chr17	29572698	29572811	1	1	1	1	0	8
chr17	29608241	29608850	1	1	1	1	0	7
chr17	30797399	30803900	2	2	1	1	0	5
chr17	32142730	32171042	1	1	1	0	1	8
chr17	35151162	35161800	2	2	0	1	0	14
chr17	35833942	35834565	1	1	1	1	0	12
chr17	38717954	38719516	1	1	1	1	0	4
chr17	38853106	38853697	2	2	1	3	0	16
chr17	39204188	39204524	1	1	1	0	1	19
chr17	40453143	40453927	1	1	1	3	0	15
chr17	41621092	41621592	2	2	1	1	0	10
chr17	41689070	41689777	1	1	1	0	1	6
chr17	41873966	41878102	2	2	1	1	0	8
chr17	42155109	42155767	1	1	1	0	1	3
chr17	42404077	42404331	2	2	0	2	0	28
chr17	42513979	42514288	1	1	1	0	1	3
chr17	42961352	42964105	2	2	1	1	0	11
chr17	42998472	42998748	1	1	1	0	1	13
chr17	42998832	42999932	1	1	1	0	2	18
chr17	43904494	43907128	2	2	1	0	1	5
chr17	44152778	44154555	1	1	1	0	1	10
chr17	45247517	45247700	2	2	1	0	2	3
chr17	45290766	45316959	2	2	1	1	0	7
chr17	45445664	45450617	2	2	1	0	2	3
chr17	46932200	46935028	1	1	1	0	1	4
chr17	47678414	47680019	1	1	1	1	0	5
chr17	47829237	47831459	2	2	1	1	0	5
chr17	48048463	48050606	1	1	1	1	0	6
chr17	50188150	50188529	2	2	1	1	0	14
chr17	50189011	50189167	2	2	1	2	0	16
chr17	50195479	50195566	2	2	1	1	0	9
chr17	50541229	50543125	1	1	0	2	0	12
chr17	50634982	50655831	1	1	1	1	0	4
chr17	50750642	50750746	1	1	1	1	0	7
chr17	58348820	58362568	2	2	0	1	3	12
chr17	60157789	60157988	1	1	1	1	0	9
chr17	61987129	61992539	2	2	1	1	0	7
chr17	62681130	62681836	1	1	1	0	6	5
chr17	63746962	63751939	2	2	1	3	0	5
chr17	63823953	63824083	2	2	1	1	0	8
chr17	63837626	63842380	2	2	1	0	2	3
chr17	64146001	64146229	1	1	1	1	0	15
chr17	64323846	64329699	2	2	1	0	1	5
chr17	64792543	64797263	2	2	1	0	1	3
chr17	68130323	68134098	0	0	1	0	13	4
chr17	69763983	69902741	1	1	1	0	2	4
chr17	72654906	72664064	1	1	0	1	0	12
chr17	73092117	73092494	2	2	1	1	0	7
chr17	74203746	74203917	1	1	1	6	0	13
chr17	74203959	74204129	1	1	1	0	2	10
chr17	74209310	74209803	1	1	1	2	0	14
chr17	75456752	75457293	1	1	1	1	0	8
chr17	75667479	75668515	1	1	1	1	0	5
chr17	78216067	78216663	1	1	1	0	1	8
chr17	78427109	78428524	2	4	1	0	4	4
chr17	78427109	78429120	2	2	1	0	2	3
chr17	79305087	79314435	1	3	0	0	1	12
chr17	79919577	79925125	1	1	1	0	1	7
chr17	80201846	80202387	2	2	1	0	3	4
chr17	80388690	80389172	1	1	1	2	0	12
chr17	80472325	80477740	1	1	0	0	1	12
chr17	81458467	81458620	1	1	1	0	2	7
chr17	81889330	81890688	2	2	1	1	0	3
chr17	81933377	81934325	2	2	1	0	1	3
chr17	81936862	81937261	2	2	1	3	0	11
chr17	82019910	82022825	2	2	1	1	0	4
chr17	82036449	82036543	2	2	1	2	0	10
chr17	82080591	82080691	2	2	1	0	1	6
chr17	82096453	82097490	2	2	1	0	1	6
chr17	82457549	82458416	2	2	1	0	1	6
chr18	5956187	5960627	1	1	1	0	2	6
chr18	10432652	10449901	2	4	0	0	1	12
chr18	10680372	10681660	2	2	1	1	0	6
chr18	10704653	10705335	2	2	1	1	0	6
chr18	10800476	10801389	2	2	1	1	0	12
chr18	11889491	11893467	2	2	1	0	1	3
chr18	23544527	23544959	2	2	1	0	1	4
chr18	35267680	35290083	2	2	1	0	1	3
chr18	37485608	37485725	2	2	1	1	0	7
chr18	47930447	47930799	2	2	1	2	0	13
chr18	48338399	48409225	2	2	1	0	2	3
chr18	54155312	54159764	2	2	1	3	0	21
chr18	80127168	80141475	1	1	0	1	0	13
chr19	282810	287473	2	2	1	0	1	3
chr19	579657	580378	1	1	1	1	0	14
chr19	681561	681649	1	1	1	0	1	9
chr19	1011613	1011740	2	2	1	0	2	8
chr19	1042398	1042745	1	1	1	0	1	3
chr19	1248661	1249889	1	1	1	0	1	3
chr19	1438429	1438806	1	1	1	0	1	17
chr19	1440254	1440348	1	1	1	0	2	8
chr19	1583381	1584539	2	2	1	0	1	4
chr19	2017301	2034750	2	2	1	0	4	5
chr19	2043583	2046185	2	2	1	0	1	3
chr19	2043583	2046366	2	2	1	0	1	3
chr19	2427325	2427413	2	2	1	2	0	28
chr19	2476403	2476528	1	1	1	1	4	3
chr19	2737380	2739944	2	2	1	1	0	15
chr19	2810769	2811597	1	1	1	1	0	4
chr19	3206191	3206264	1	1	1	1	0	3
chr19	3272311	3313218	1	1	0	0	1	12
chr19	3977611	3977818	2	2	1	0	1	5
chr19	5931532	5932451	2	2	1	1	0	14
chr19	6015371	6022935	1	1	0	0	1	12
chr19	6475752	6475836	2	2	1	0	1	6
chr19	7645307	7645759	1	1	1	1	0	3
chr19	7917600	7917700	1	1	1	1	0	6
chr19	8321704	8321952	1	1	1	0	1	8
chr19	8473709	8474166	1	1	1	2	0	10
chr19	8831402	8832208	2	2	1	1	0	11
chr19	10679928	10680345	1	1	1	1	0	9
chr19	11345416	11345519	2	2	1	1	0	8
chr19	11447619	11447722	1	1	1	1	0	24
chr19	13214334	13214500	2	2	1	0	1	4
chr19	14056805	14057350	2	2	1	2	0	15
chr19	14404563	14405747	1	1	1	1	0	11
chr19	14529712	14562524	1	1	1	2	0	8
chr19	17314104	17314337	1	1	1	2	0	22
chr19	17339027	17339122	1	1	1	0	2	3
chr19	17404438	17405290	2	2	1	1	0	17
chr19	17424068	17424620	1	1	1	1	0	11
chr19	17555974	17559310	1	1	1	1	0	7
chr19	17861473	17862093	1	1	1	1	0	11
chr19	18574973	18575056	1	1	1	1	0	11
chr19	19031083	19033488	2	2	1	1	0	3
chr19	19187006	19192529	2	2	1	0	1	5
chr19	19268755	19269686	2	2	1	0	1	6
chr19	32615781	32617588	2	2	1	1	0	6
chr19	32926274	32926933	2	2	1	0	1	5
chr19	33622297	33689175	1	1	1	0	4	3
chr19	35279075	35279166	1	1	1	0	2	6
chr19	35505987	35510183	2	2	1	0	1	8
chr19	35612893	35613668	1	1	1	0	2	4
chr19	35723273	35723446	1	1	1	0	1	9
chr19	35738192	35738281	1	1	1	1	0	3
chr19	36228820	36235658	1	1	1	0	1	4
chr19	38374962	38376159	1	1	1	0	1	3
chr19	38375510	38376159	1	1	1	0	1	3
chr19	38403695	38406909	1	1	1	0	2	7
chr19	38718075	38721537	1	1	1	2	0	18
chr19	39433762	39435606	2	2	1	1	0	5
chr19	39834814	39836555	2	2	1	2	0	17
chr19	39998333	39999600	1	1	1	0	1	7
chr19	40055577	40056100	2	2	1	3	0	7
chr19	40613530	40613915	1	1	1	2	0	21
chr19	40780500	40783777	1	1	1	0	1	4
chr19	41004447	41006904	1	1	1	0	1	6
chr19	41248610	41248742	1	1	1	1	0	6
chr19	41860846	41861111	1	1	1	3	0	5
chr19	41869215	41869698	1	1	1	1	0	26
chr19	41894548	41895348	1	1	1	0	1	7
chr19	42344586	42344669	1	1	1	1	0	10
chr19	43665460	43667580	2	2	1	1	0	11
chr19	44812549	44813249	1	1	1	0	1	4
chr19	45369148	45370535	2	2	1	0	2	3
chr19	45396647	45440249	1	1	0	0	1	12
chr19	45713574	45730848	2	2	1	1	0	10
chr19	45779870	45780322	2	2	1	1	0	6
chr19	45835229	45838460	2	2	1	1	0	6
chr19	46704650	46710906	2	2	1	0	1	5
chr19	47021553	47032595	1	1	0	1	0	12
chr19	47036130	47039076	1	1	1	0	1	5
chr19	48231811	48234402	2	2	1	0	1	7
chr19	48450527	48450665	1	1	1	2	0	17
chr19	48615906	48616725	2	2	1	0	1	3
chr19	48617878	48619140	2	2	1	1	0	9
chr19	48716744	48718973	2	2	1	0	5	10
chr19	48860460	48861400	2	2	1	0	1	6
chr19	49135924	49136723	1	1	1	1	1	3
chr19	49332321	49340171	2	2	1	0	1	4
chr19	49489923	49490231	1	1	1	0	1	4
chr19	49490298	49490474	1	1	1	0	1	10
chr19	49491100	49491424	1	1	1	0	1	16
chr19	49496472	49497193	1	1	1	0	1	13
chr19	49498047	49499511	1	1	1	1	0	4
chr19	49542669	49543105	1	1	1	0	1	3
chr19	49556426	49556548	2	2	1	2	0	12
chr19	50415827	50416395	1	1	1	1	0	12
chr19	52215894	52216003	1	1	1	2	0	14
chr19	55085974	55086060	1	1	1	0	1	4
chr19	55368570	55368768	2	2	1	1	0	6
chr19	55669693	55673933	1	1	1	1	0	3
chr19	55907957	55910562	2	2	1	0	1	3
chr19	57600135	57604276	1	1	1	0	1	5
chr19	57942648	57943933	2	2	1	1	0	7
chr19	58090387	58098173	2	2	1	0	4	6
chr19	58387340	58388136	1	1	1	2	0	10
chr19	58393186	58393358	1	1	1	0	1	6
chr19	58549241	58549330	1	1	1	5	0	3
chr20	1649409	1651223	2	2	1	0	1	4
chr20	2752264	2752356	1	1	1	0	1	3
chr20	5428727	5432542	2	2	1	0	1	7
chr20	8647954	8649393	1	1	1	0	1	5
chr20	17620808	17621457	2	2	1	0	3	5
chr20	18788838	18789573	2	2	1	0	1	4
chr20	20536785	20546703	2	2	1	0	1	5
chr20	26081391	26082893	1	1	1	0	1	6
chr20	29298627	29299536	1	1	0	2	0	24
chr20	29416475	29416735	2	2	1	0	1	8
chr20	31405086	31406094	2	2	1	0	1	7
chr20	32008422	32015302	1	1	0	0	8	12
chr20	32054282	32071661	1	1	1	0	1	5
chr20	33680417	33686003	2	2	1	1	0	14
chr20	33852204	33853495	1	1	1	0	1	7
chr20	34295586	34311471	2	4	1	0	2	7
chr20	34980735	34981032	1	1	1	0	1	5
chr20	35699452	35699632	1	1	1	2	0	7
chr20	35724723	35725037	2	2	1	2	0	3
chr20	37179370	37184179	1	1	1	0	1	3
chr20	37230060	37232295	1	1	1	1	0	16
chr20	37521452	37527792	2	2	1	0	1	3
chr20	38427368	38433925	2	2	0	0	1	23
chr20	38429727	38433922	1	1	0	0	2	20
chr20	39030776	39034182	1	1	1	0	1	8
chr20	45899879	45902266	2	2	1	0	1	4
chr20	46709741	46709982	1	1	1	1	0	7
chr20	49219542	49221451	1	1	1	2	0	6
chr20	57519378	57525027	2	2	1	0	1	5
chr20	58905481	58909161	1	1	1	1	0	32
chr20	59006486	59006985	2	2	1	1	0	16
chr20	59035127	59036470	2	2	1	0	1	4
chr20	62309836	62309987	2	2	1	3	0	5
chr20	62324205	62324440	2	2	1	3	0	3
chr20	62345775	62366868	2	2	0	0	1	12
chr20	62347029	62351703	2	2	1	1	0	5
chr20	62353209	62356195	1	1	1	0	1	8
chr20	62387137	62387320	1	1	1	1	0	20
chr21	5117232	5118690	2	6	1	0	1	5
chr21	5134121	5135088	2	2	1	0	3	16
chr21	6116624	6116893	1	3	1	0	1	19
chr21	6487413	6492130	2	2	1	0	1	4
chr21	8206050	8206121	0	0	0	0	4	38
chr21	8206152	8250361	2	2	0	0	2	27
chr21	8206178	8250220	2	2	0	0	3	31
chr21	8206178	8389058	2	2	0	0	3	31
chr21	8206347	8250556	1	1	0	0	4	28
chr21	8206347	8389394	1	1	0	0	4	28
chr21	8206347	8433581	1	1	0	0	4	28
chr21	8206699	8250908	2	2	0	0	1	12
chr21	8208719	8210851	1	1	0	0	2	16
chr21	8208719	8255059	1	1	0	0	2	16
chr21	8208727	8210310	1	1	0	0	2	23
chr21	8208727	8254518	1	1	0	0	2	23
chr21	8209097	8218682	2	2	0	0	2	12
chr21	8209688	8211326	2	2	0	0	2	20
chr21	8209761	8209995	2	2	0	0	1	24
chr21	8209764	8209995	2	2	0	0	1	23
chr21	8209764	8210029	2	2	0	0	15	23
chr21	8209766	8210020	2	2	0	0	1	25
chr21	8209766	8210029	2	2	0	0	12	25
chr21	8209766	8210032	2	2	0	0	6	25
chr21	8209766	8210124	2	2	0	0	1	18
chr21	8209766	8210753	2	2	0	0	1	29
chr21	8209766	8254961	2	2	0	0	1	29
chr21	8209769	8210029	2	2	0	0	2	22
chr21	8209772	8210029	2	2	0	0	1	21
chr21	8209781	8210039	2	2	0	0	3	12
chr21	8209783	8216350	1	1	0	0	3	14
chr21	8209783	8218538	1	1	0	0	3	27
chr21	8209783	8260579	1	1	0	0	3	14
chr21	8209783	8399384	1	1	0	0	3	14
chr21	8209783	8401576	1	1	0	0	3	27
chr21	8209914	8254073	2	2	0	0	4	25
chr21	8209914	8392898	2	2	0	0	4	25
chr21	8209914	8437108	2	2	0	0	4	25
chr21	8209914	8988404	2	2	0	0	4	25
chr21	8209919	8254007	1	1	0	0	2	29
chr21	8209919	8254065	1	1	0	0	2	29
chr21	8209919	8254085	1	1	0	0	2	14
chr21	8209923	8254014	2	2	0	0	6	29
chr21	8209923	8254073	2	2	0	0	4	26
chr21	8209923	8254077	2	2	0	0	2	22
chr21	8209923	8254133	2	2	0	0	1	27
chr21	8209923	8392839	2	2	0	0	6	29
chr21	8209923	8392898	2	2	0	0	4	26
chr21	8209923	8437049	2	2	0	0	6	29
chr21	8209923	8437108	2	2	0	0	4	26
chr21	8209923	8988345	2	2	0	0	6	29
chr21	8209923	8988404	2	2	0	0	4	26
chr21	8209934	8254077	2	2	0	0	8	22
chr21	8209934	8392902	2	2	0	0	8	22
chr21	8209934	8437112	2	2	0	0	8	22
chr21	8209934	8988408	2	2	0	0	8	22
chr21	8209957	8254085	1	1	0	0	2	14
chr21	8209995	8210032	2	2	0	0	2	14
chr21	8210051	8253948	1	1	0	0	3	30
chr21	8210051	8392773	1	1	0	0	3	30
chr21	8210124	8210776	2	2	0	0	2	23
chr21	8210238	8218602	2	2	0	0	2	14
chr21	8210276	8210485	1	1	0	0	2	27
chr21	8210276	8254426	1	1	0	0	1	27
chr21	8210310	8254518	1	1	0	0	5	12
chr21	8210310	8393345	1	1	0	0	5	12
chr21	8210310	8437555	1	1	0	0	5	12
chr21	8210335	8254554	1	1	0	0	3	26
chr21	8210335	8393381	1	1	0	0	3	26
chr21	8210403	8210557	2	2	0	0	2	26
chr21	8210428	8217845	1	1	0	0	1	24
chr21	8210428	8254518	1	1	0	0	6	27
chr21	8210428	8393345	1	1	0	0	6	27
chr21	8210428	8437555	1	1	0	0	6	27
chr21	8210433	8213813	2	2	0	0	1	19
chr21	8210433	8251896	2	2	0	0	1	19
chr21	8210514	8211162	2	2	0	0	1	12
chr21	8210514	8255371	2	2	0	0	1	12
chr21	8210521	8254458	1	1	0	0	20	27
chr21	8210521	8393285	1	1	0	0	20	27
chr21	8210521	8437495	1	1	0	0	20	27
chr21	8210572	8251046	1	1	0	0	1	17
chr21	8210582	8218783	1	3	0	0	1	14
chr21	8210589	8254794	1	1	0	0	1	18
chr21	8210740	8254796	1	1	0	0	4	23
chr21	8210740	8393623	1	1	0	0	4	23
chr21	8210740	8437833	1	1	0	0	4	23
chr21	8210781	8253948	1	1	0	0	1	30
chr21	8210781	8254989	1	1	0	0	13	32
chr21	8210781	8393816	1	1	0	0	13	32
chr21	8210781	8438026	1	1	0	0	13	32
chr21	8210801	8211036	1	1	0	0	1	13
chr21	8210801	8214799	1	1	0	0	1	13
chr21	8210801	8215533	1	1	0	0	1	21
chr21	8210801	8254138	1	1	0	0	2	25
chr21	8210801	8254503	1	1	0	0	1	23
chr21	8210801	8254610	1	1	0	0	1	18
chr21	8210801	8255009	1	1	0	0	48	22
chr21	8210801	8259028	1	1	0	0	1	13
chr21	8210801	8259762	1	1	0	0	1	21
chr21	8210801	8393836	1	1	0	0	48	22
chr21	8210801	8438046	1	1	0	0	47	22
chr21	8210806	8211310	1	1	0	0	1	12
chr21	8210806	8214846	1	1	0	0	2	23
chr21	8210806	8254759	1	1	0	0	1	18
chr21	8210806	8259075	1	1	0	0	2	23
chr21	8210815	8214781	2	2	0	0	1	13
chr21	8210815	8254923	2	2	0	0	1	13
chr21	8210815	8255029	2	2	0	0	2	24
chr21	8210815	8259010	2	2	0	0	1	13
chr21	8210821	8255029	2	2	0	0	6	28
chr21	8210821	8393856	2	2	0	0	6	28
chr21	8210821	8438066	2	2	0	0	6	28
chr21	8210854	8255062	1	1	0	0	2	15
chr21	8210861	8210922	2	2	0	0	1	33
chr21	8210877	8255085	2	2	0	0	2	27
chr21	8210939	8211118	2	2	0	0	1	33
chr21	8210975	8254989	1	1	0	0	2	19
chr21	8211070	8254022	2	2	0	0	2	20
chr21	8211070	8254923	2	2	0	0	6	27
chr21	8211070	8393750	2	2	0	0	6	27
chr21	8211070	8437960	2	2	0	0	6	27
chr21	8211073	8254916	2	2	0	0	4	24
chr21	8211073	8393743	2	2	0	0	4	24
chr21	8211073	8437953	2	2	0	0	4	24
chr21	8211091	8211310	1	1	0	0	1	14
chr21	8211121	8255140	1	1	0	0	2	26
chr21	8211148	8255090	2	2	0	0	1	12
chr21	8211164	8255373	2	2	0	0	4	21
chr21	8211164	8394199	2	2	0	0	4	21
chr21	8211164	8438409	2	2	0	0	4	21
chr21	8211228	8254989	1	1	0	0	1	19
chr21	8211343	8394378	2	2	0	0	4	12
chr21	8211343	8438588	2	2	0	0	4	12
chr21	8211432	8255637	2	2	0	0	1	25
chr21	8211441	8255554	2	2	0	0	1	21
chr21	8211441	8255642	2	2	0	0	3	20
chr21	8211441	8394381	2	2	0	0	9	43
chr21	8211441	8394472	2	2	0	0	3	20
chr21	8211441	8438591	2	2	0	0	9	43
chr21	8211456	8255035	1	1	0	0	1	16
chr21	8211669	8255875	2	2	0	0	1	13
chr21	8212583	8256789	1	1	0	0	1	12
chr21	8212624	8214226	2	2	0	0	1	14
chr21	8212624	8258447	2	2	0	0	1	14
chr21	8212668	8214277	2	2	0	0	2	14
chr21	8212668	8258498	2	2	0	0	2	14
chr21	8212679	8256888	2	2	0	0	2	15
chr21	8213089	8259276	1	1	0	0	1	13
chr21	8213423	8257644	2	4	0	0	2	19
chr21	8214073	8214131	1	1	0	0	1	15
chr21	8214086	8214131	1	1	0	0	23	37
chr21	8214207	8215896	2	2	0	0	1	18
chr21	8214207	8260125	2	2	0	0	1	18
chr21	8214266	8258487	1	1	0	0	1	20
chr21	8214266	8258495	1	1	0	0	1	17
chr21	8214277	8258498	2	2	0	0	4	19
chr21	8214277	8397315	2	2	0	0	4	19
chr21	8214277	8441535	2	2	0	0	4	19
chr21	8214340	8397378	1	1	0	0	3	15
chr21	8214380	8251846	1	1	0	0	1	22
chr21	8214398	8214548	2	2	0	0	5	24
chr21	8214437	8254765	2	2	0	0	1	26
chr21	8214614	8258834	2	2	0	0	3	26
chr21	8214636	8214814	1	1	0	0	1	29
chr21	8214640	8214797	2	2	0	0	1	12
chr21	8214640	8214817	2	2	0	0	3	26
chr21	8214817	8259046	2	2	0	0	1	19
chr21	8214851	8259075	1	1	0	0	1	33
chr21	8214963	8259111	2	2	0	0	2	18
chr21	8215200	8258544	2	2	0	0	2	15
chr21	8215200	8397361	2	2	0	0	3	15
chr21	8215220	8254989	1	1	0	0	1	13
chr21	8215220	8259446	1	1	0	0	2	12
chr21	8215237	8259466	1	1	0	0	2	29
chr21	8215276	8226339	1	1	0	0	1	16
chr21	8215321	8259480	2	2	0	0	1	13
chr21	8215412	8259446	1	1	0	0	5	30
chr21	8215412	8259564	1	1	0	0	2	24
chr21	8215412	8398251	1	1	0	0	5	30
chr21	8215412	8442480	1	1	0	0	5	30
chr21	8215417	8259442	2	2	0	0	1	36
chr21	8215417	8259646	2	2	0	0	1	39
chr21	8215423	8258544	2	2	0	0	2	13
chr21	8215423	8397361	2	2	0	0	3	32
chr21	8215459	8215484	2	6	0	0	1	26
chr21	8215477	8216156	1	1	0	0	1	37
chr21	8215540	8259637	1	1	0	0	1	52
chr21	8215540	8259781	1	1	0	0	3	17
chr21	8215540	8398586	1	1	0	0	3	17
chr21	8215552	8254989	1	1	0	0	1	20
chr21	8215568	8218258	2	2	0	0	3	35
chr21	8215568	8401296	2	2	0	0	3	35
chr21	8215574	8254765	2	2	0	0	1	13
chr21	8215606	8259835	1	1	0	0	2	24
chr21	8215703	8215751	1	1	0	0	1	20
chr21	8215703	8259937	1	1	0	0	1	19
chr21	8215978	8260207	1	1	0	0	4	25
chr21	8215978	8399012	1	1	0	0	4	25
chr21	8215978	8443241	1	1	0	0	4	25
chr21	8216016	8216130	1	1	0	0	3	25
chr21	8216016	8260359	1	1	0	0	3	25
chr21	8216016	8399164	1	1	0	0	3	25
chr21	8216053	8226388	1	1	0	0	1	12
chr21	8216179	8216210	2	4	0	0	1	12
chr21	8216219	8259449	1	1	0	0	3	23
chr21	8216219	8259762	1	1	0	0	1	23
chr21	8216219	8259765	1	1	0	0	1	23
chr21	8216219	8398254	1	1	0	0	3	23
chr21	8216300	8260526	1	1	0	0	1	16
chr21	8216394	8254759	1	1	0	0	1	17
chr21	8216420	8260649	1	1	0	0	31	18
chr21	8216420	8399454	1	1	0	0	31	18
chr21	8216420	8443689	1	1	0	0	31	18
chr21	8216445	8216632	1	1	0	0	1	23
chr21	8216445	8260671	1	1	0	0	1	42
chr21	8216540	8260782	1	1	0	0	1	24
chr21	8216603	8259970	2	2	0	0	1	16
chr21	8216748	8399782	2	2	0	0	12	21
chr21	8216748	8444017	2	2	0	0	12	21
chr21	8216824	8259415	2	2	0	0	1	15
chr21	8216876	8217062	2	4	0	0	1	17
chr21	8216931	8257874	2	2	0	0	1	17
chr21	8216935	8254984	2	2	0	0	1	20
chr21	8216937	8260337	2	2	0	0	2	12
chr21	8216939	8260337	2	2	0	0	2	12
chr21	8216941	8260337	2	2	0	0	2	12
chr21	8217292	8217388	1	3	0	0	1	13
chr21	8217568	8400560	2	2	0	0	5	21
chr21	8217568	8444792	2	2	0	0	5	21
chr21	8217592	8259659	1	1	0	0	1	40
chr21	8217592	8400630	1	1	0	0	3	38
chr21	8217661	8260046	2	2	0	0	2	17
chr21	8217715	8254984	2	2	0	0	2	17
chr21	8217722	8217750	2	2	0	0	3	17
chr21	8217828	8400871	1	1	0	0	3	40
chr21	8217982	8259813	2	2	0	0	1	18
chr21	8217984	8218030	2	2	0	0	1	25
chr21	8217984	8259818	2	2	0	0	1	15
chr21	8217988	8259026	2	2	0	0	2	12
chr21	8217991	8259822	2	2	0	0	1	24
chr21	8218059	8401097	1	1	0	0	3	15
chr21	8218081	8260901	1	1	0	0	2	23
chr21	8218177	8401150	1	1	0	0	3	12
chr21	8218205	8401259	2	2	0	0	3	18
chr21	8218426	8401464	1	1	0	0	9	23
chr21	8218426	8445696	1	1	0	0	9	23
chr21	8218472	8401510	1	1	0	0	15	34
chr21	8218472	8445742	1	1	0	0	15	34
chr21	8218512	8218542	2	2	0	0	2	13
chr21	8218629	8218806	2	2	0	0	2	25
chr21	8218677	8254961	2	2	0	0	1	26
chr21	8218677	8401640	2	2	0	0	3	27
chr21	8218746	8401785	1	1	0	0	11	22
chr21	8218746	8446016	1	1	0	0	21	22
chr21	8218755	8260388	1	1	0	0	1	28
chr21	8223058	8223184	1	1	1	0	1	5
chr21	8250259	8250330	0	0	0	0	4	38
chr21	8250387	8389058	2	2	0	0	3	31
chr21	8250387	8433245	2	2	0	0	3	31
chr21	8250556	8389394	1	1	0	0	4	28
chr21	8250556	8433581	1	1	0	0	4	28
chr21	8252925	8255059	1	1	0	0	2	16
chr21	8252933	8254518	1	1	0	0	2	23
chr21	8253971	8254205	2	2	0	0	1	24
chr21	8253974	8254205	2	2	0	0	1	23
chr21	8253974	8254239	2	2	0	0	15	23
chr21	8253976	8254230	2	2	0	0	1	25
chr21	8253976	8254239	2	2	0	0	12	25
chr21	8253976	8254242	2	2	0	0	6	25
chr21	8253976	8254334	2	2	0	0	1	18
chr21	8253976	8254961	2	2	0	0	1	29
chr21	8253979	8254239	2	2	0	0	2	22
chr21	8253982	8254239	2	2	0	0	1	21
chr21	8253991	8254249	2	2	0	0	3	12
chr21	8253993	8260579	1	1	0	0	3	14
chr21	8253993	8399384	1	1	0	0	3	14
chr21	8253993	8401576	1	1	0	0	3	27
chr21	8253993	8443619	1	1	0	0	3	14
chr21	8253993	8445808	1	1	0	0	3	27
chr21	8254124	8392898	2	2	0	0	4	25
chr21	8254124	8437108	2	2	0	0	4	25
chr21	8254124	8988404	2	2	0	0	4	25
chr21	8254133	8392839	2	2	0	0	6	29
chr21	8254133	8392898	2	2	0	0	4	26
chr21	8254133	8437049	2	2	0	0	6	29
chr21	8254133	8437108	2	2	0	0	4	26
chr21	8254133	8988345	2	2	0	0	6	29
chr21	8254133	8988404	2	2	0	0	4	26
chr21	8254144	8392902	2	2	0	0	8	22
chr21	8254144	8437112	2	2	0	0	8	22
chr21	8254144	8988408	2	2	0	0	8	22
chr21	8254205	8254242	2	2	0	0	2	14
chr21	8254261	8392773	1	1	0	0	3	30
chr21	8254261	8436983	1	1	0	0	3	30
chr21	8254317	8254438	1	3	0	2	0	13
chr21	8254484	8254693	1	1	0	0	2	27
chr21	8254518	8393345	1	1	0	0	5	12
chr21	8254518	8437555	1	1	0	0	5	12
chr21	8254543	8393381	1	1	0	0	3	26
chr21	8254543	8437591	1	1	0	0	3	26
chr21	8254611	8254765	2	2	0	0	2	26
chr21	8254636	8393345	1	1	0	0	6	27
chr21	8254636	8437555	1	1	0	0	6	27
chr21	8254641	8258034	2	2	0	0	1	19
chr21	8254722	8255371	2	2	0	0	1	12
chr21	8254729	8393285	1	1	0	0	20	27
chr21	8254729	8437495	1	1	0	0	20	27
chr21	8254948	8393623	1	1	0	0	4	23
chr21	8254948	8437833	1	1	0	0	4	23
chr21	8254989	8393816	1	1	0	0	13	32
chr21	8254989	8438026	1	1	0	0	13	32
chr21	8255009	8255244	1	1	0	0	1	13
chr21	8255009	8259028	1	1	0	0	1	13
chr21	8255009	8259762	1	1	0	0	1	21
chr21	8255009	8393836	1	1	0	0	49	22
chr21	8255009	8438046	1	1	0	0	48	22
chr21	8255014	8255518	1	1	0	0	1	12
chr21	8255014	8259075	1	1	0	0	2	23
chr21	8255023	8259010	2	2	0	0	1	13
chr21	8255029	8393856	2	2	0	0	6	28
chr21	8255029	8438066	2	2	0	0	6	28
chr21	8255069	8255130	2	2	0	0	1	33
chr21	8255147	8255327	2	2	0	0	1	33
chr21	8255279	8393750	2	2	0	0	4	27
chr21	8255279	8437960	2	2	0	0	4	27
chr21	8255373	8394199	2	2	0	0	4	21
chr21	8255373	8438409	2	2	0	0	4	21
chr21	8255551	8394378	2	2	0	0	4	12
chr21	8255551	8438588	2	2	0	0	4	12
chr21	8256833	8258447	2	2	0	0	1	14
chr21	8256877	8258498	2	2	0	0	2	14
chr21	8258294	8258352	1	1	0	0	1	15
chr21	8258307	8258352	1	1	0	0	23	37
chr21	8258428	8260125	2	2	0	0	1	18
chr21	8258498	8397315	2	2	0	0	4	19
chr21	8258498	8441535	2	2	0	0	4	19
chr21	8258561	8397378	1	1	0	0	3	15
chr21	8258561	8441598	1	1	0	0	3	15
chr21	8258837	8441869	2	2	0	0	3	26
chr21	8258859	8259043	1	1	0	0	1	29
chr21	8258863	8259026	2	2	0	0	1	12
chr21	8258863	8259046	2	2	0	0	3	26
chr21	8259429	8397361	2	2	0	0	3	15
chr21	8259429	8441581	2	2	0	0	3	15
chr21	8259641	8398251	1	1	0	0	5	30
chr21	8259641	8442480	1	1	0	0	5	30
chr21	8259652	8397361	2	2	0	0	3	32
chr21	8259652	8441581	2	2	0	0	3	32
chr21	8259688	8259713	2	6	0	0	1	26
chr21	8259706	8260385	1	1	0	0	1	37
chr21	8259769	8398586	1	1	0	0	3	17
chr21	8259769	8442815	1	1	0	0	3	17
chr21	8259797	8401296	2	2	0	0	3	35
chr21	8259797	8445528	2	2	0	0	3	35
chr21	8259932	8259980	1	1	0	0	1	20
chr21	8260207	8399012	1	1	0	0	4	25
chr21	8260207	8443241	1	1	0	0	4	25
chr21	8260245	8260359	1	1	0	0	3	25
chr21	8260245	8399164	1	1	0	0	3	25
chr21	8260408	8260439	2	4	0	0	1	12
chr21	8260448	8398254	1	1	0	0	3	23
chr21	8260448	8442483	1	1	0	0	3	23
chr21	8260649	8399454	1	1	0	0	31	18
chr21	8260649	8443689	1	1	0	0	31	18
chr21	8260674	8260861	1	1	0	0	1	23
chr21	8389097	8389168	0	0	0	0	4	38
chr21	8389199	8433386	2	2	0	0	2	27
chr21	8389225	8433245	2	2	0	0	3	31
chr21	8389394	8433581	1	1	0	0	4	28
chr21	8389746	8433932	2	2	0	0	1	12
chr21	8391373	8435560	2	2	0	0	1	22
chr21	8391762	8393886	1	1	0	0	2	16
chr21	8391762	8438096	1	1	0	0	2	16
chr21	8391770	8393345	1	1	0	0	2	23
chr21	8391770	8437555	1	1	0	0	2	23
chr21	8392132	8401721	2	2	0	0	2	12
chr21	8392132	8445952	2	2	0	0	2	12
chr21	8392723	8394361	2	2	0	0	2	20
chr21	8392723	8438571	2	2	0	0	2	20
chr21	8392796	8393030	2	2	0	0	1	24
chr21	8392799	8393030	2	2	0	0	1	23
chr21	8392799	8393064	2	2	0	0	15	23
chr21	8392801	8393055	2	2	0	0	1	25
chr21	8392801	8393064	2	2	0	0	12	25
chr21	8392801	8393067	2	2	0	0	6	25
chr21	8392801	8393159	2	2	0	0	1	18
chr21	8392801	8393788	2	2	0	0	1	29
chr21	8392801	8437998	2	2	0	0	1	29
chr21	8392804	8393064	2	2	0	0	2	22
chr21	8392807	8393064	2	2	0	0	1	21
chr21	8392816	8393074	2	2	0	0	3	12
chr21	8392818	8399384	1	1	0	0	3	14
chr21	8392818	8401576	1	1	0	0	3	27
chr21	8392818	8443619	1	1	0	0	3	14
chr21	8392818	8445808	1	1	0	0	3	27
chr21	8392949	8437108	2	2	0	0	4	25
chr21	8392949	8988404	2	2	0	0	4	25
chr21	8392954	8437042	1	1	0	0	2	29
chr21	8392954	8437100	1	1	0	0	2	29
chr21	8392954	8437120	1	1	0	0	2	14
chr21	8392958	8437049	2	2	0	0	6	29
chr21	8392958	8437108	2	2	0	0	4	26
chr21	8392958	8437112	2	2	0	0	2	22
chr21	8392958	8437168	2	2	0	0	1	27
chr21	8392958	8988345	2	2	0	0	6	29
chr21	8392958	8988404	2	2	0	0	4	26
chr21	8392969	8437112	2	2	0	0	8	22
chr21	8392969	8988408	2	2	0	0	8	22
chr21	8392992	8437120	1	1	0	0	2	14
chr21	8393030	8393067	2	2	0	0	2	14
chr21	8393086	8436983	1	1	0	0	3	30
chr21	8393159	8393811	2	2	0	0	2	23
chr21	8393202	8437412	2	2	0	0	1	25
chr21	8393273	8401640	2	2	0	0	2	14
chr21	8393273	8445872	2	2	0	0	2	14
chr21	8393311	8393520	1	1	0	0	2	27
chr21	8393311	8437463	1	1	0	0	1	27
chr21	8393345	8437555	1	1	0	0	5	12
chr21	8393359	8437569	1	3	0	0	2	16
chr21	8393370	8437591	1	1	0	0	3	26
chr21	8393438	8393592	2	2	0	0	2	26
chr21	8393463	8400883	1	1	0	0	1	24
chr21	8393463	8437555	1	1	0	0	6	27
chr21	8393468	8396851	2	2	0	0	1	19
chr21	8393468	8434921	2	2	0	0	1	19
chr21	8393549	8394197	2	2	0	0	1	12
chr21	8393556	8437495	1	1	0	0	20	27
chr21	8393607	8434070	1	1	0	0	1	17
chr21	8393617	8401822	1	3	0	0	1	14
chr21	8393624	8437831	1	1	0	0	1	18
chr21	8393775	8437833	1	1	0	0	4	23
chr21	8393816	8436983	1	1	0	0	1	30
chr21	8393816	8438026	1	1	0	0	13	32
chr21	8393836	8394071	1	1	0	0	1	13
chr21	8393836	8397833	1	1	0	0	1	13
chr21	8393836	8398567	1	1	0	0	1	21
chr21	8393836	8437173	1	1	0	0	2	25
chr21	8393836	8437540	1	1	0	0	1	23
chr21	8393836	8437647	1	1	0	0	1	18
chr21	8393836	8438046	1	1	0	0	48	22
chr21	8393836	8442063	1	1	0	0	1	13
chr21	8393836	8442796	1	1	0	0	1	21
chr21	8393841	8394345	1	1	0	0	1	12
chr21	8393841	8397880	1	1	0	0	2	23
chr21	8393841	8437796	1	1	0	0	1	18
chr21	8393841	8442110	1	1	0	0	2	23
chr21	8393850	8397815	2	2	0	0	1	13
chr21	8393850	8437960	2	2	0	0	1	13
chr21	8393850	8438066	2	2	0	0	2	24
chr21	8393850	8442045	2	2	0	0	1	13
chr21	8393856	8438066	2	2	0	0	6	28
chr21	8393889	8438099	1	1	0	0	2	15
chr21	8393896	8393957	2	2	0	0	1	33
chr21	8393912	8438122	2	2	0	0	2	27
chr21	8393974	8394153	2	2	0	0	1	33
chr21	8394010	8438026	1	1	0	0	2	19
chr21	8394105	8437057	2	2	0	0	2	20
chr21	8394105	8437960	2	2	0	0	6	27
chr21	8394108	8437953	2	2	0	0	4	24
chr21	8394126	8394345	1	1	0	0	1	14
chr21	8394156	8438177	1	1	0	0	2	26
chr21	8394183	8438127	2	2	0	0	1	12
chr21	8394199	8438409	2	2	0	0	4	21
chr21	8394263	8438026	1	1	0	0	1	19
chr21	8394378	8438588	2	2	0	0	4	12
chr21	8394467	8438677	2	2	0	0	1	25
chr21	8394472	8438591	2	2	0	0	1	39
chr21	8394476	8438575	2	2	0	0	1	43
chr21	8394476	8438591	2	2	0	0	9	43
chr21	8394476	8438682	2	2	0	0	3	20
chr21	8394491	8438072	1	1	0	0	1	16
chr21	8394704	8438917	2	2	0	0	1	13
chr21	8395618	8439831	1	1	0	0	1	12
chr21	8395659	8397264	2	2	0	0	1	14
chr21	8395659	8441484	2	2	0	0	1	14
chr21	8395703	8397315	2	2	0	0	2	14
chr21	8395703	8441535	2	2	0	0	2	14
chr21	8395714	8439930	2	2	0	0	2	15
chr21	8397111	8397169	1	1	0	0	1	15
chr21	8397124	8397169	1	1	0	0	23	37
chr21	8397245	8398930	2	2	0	0	1	18
chr21	8397245	8443159	2	2	0	0	1	18
chr21	8397304	8441524	1	1	0	0	1	20
chr21	8397304	8441532	1	1	0	0	1	17
chr21	8397315	8441535	2	2	0	0	4	19
chr21	8397378	8441598	1	1	0	0	3	15
chr21	8397394	8397609	0	0	0	0	4	44
chr21	8397418	8434870	1	1	0	0	1	22
chr21	8397436	8397586	2	2	0	0	5	24
chr21	8397475	8437802	2	2	0	0	1	26
chr21	8397503	8441617	2	2	0	0	1	29
chr21	8397652	8441869	2	2	0	0	3	26
chr21	8397851	8442081	2	2	0	0	1	19
chr21	8397885	8441575	1	1	0	0	1	38
chr21	8397885	8441598	1	1	0	0	1	15
chr21	8397885	8442110	1	1	0	0	1	33
chr21	8398234	8441581	2	2	0	0	3	15
chr21	8398254	8438026	1	1	0	0	1	13
chr21	8398254	8442480	1	1	0	0	2	12
chr21	8398271	8442500	1	1	0	0	2	29
chr21	8398310	8409338	1	1	0	0	1	16
chr21	8398355	8442514	2	2	0	0	1	13
chr21	8398446	8441575	1	1	0	0	2	38
chr21	8398446	8442480	1	1	0	0	5	30
chr21	8398446	8442598	1	1	0	0	2	24
chr21	8398451	8442476	2	2	0	0	1	36
chr21	8398451	8442680	2	2	0	0	1	39
chr21	8398457	8441581	2	2	0	0	3	32
chr21	8398493	8398518	2	6	0	0	1	26
chr21	8398511	8399190	1	1	0	0	1	37
chr21	8398574	8442671	1	1	0	0	1	52
chr21	8398574	8442815	1	1	0	0	3	17
chr21	8398586	8438026	1	1	0	0	1	20
chr21	8398602	8401296	2	2	0	0	3	35
chr21	8398602	8445528	2	2	0	0	3	35
chr21	8398608	8437802	2	2	0	0	1	13
chr21	8398640	8442869	1	1	0	0	2	24
chr21	8398737	8398785	1	1	0	0	1	20
chr21	8398737	8442971	1	1	0	0	1	19
chr21	8399012	8443241	1	1	0	0	4	25
chr21	8399050	8399164	1	1	0	0	3	25
chr21	8399087	8409387	1	1	0	0	1	12
chr21	8399213	8399244	2	4	0	0	1	12
chr21	8399253	8441598	1	1	0	0	1	30
chr21	8399253	8442483	1	1	0	0	3	23
chr21	8399253	8442796	1	1	0	0	1	23
chr21	8399253	8442799	1	1	0	0	1	23
chr21	8399334	8443566	1	1	0	0	1	16
chr21	8399428	8437796	1	1	0	0	1	17
chr21	8399454	8443689	1	1	0	0	31	18
chr21	8399479	8399666	1	1	0	0	1	23
chr21	8399479	8443711	1	1	0	0	1	42
chr21	8399574	8443822	1	1	0	0	1	24
chr21	8399637	8443004	2	2	0	0	1	16
chr21	8399691	8443673	1	1	0	0	1	39
chr21	8399782	8444017	2	2	0	1	12	21
chr21	8399858	8442449	2	2	0	0	1	15
chr21	8399910	8400097	2	4	0	0	1	17
chr21	8399945	8400060	2	4	0	0	2	22
chr21	8399971	8443377	2	2	0	2	0	12
chr21	8399973	8443377	2	2	0	2	0	12
chr21	8399975	8443377	2	2	0	0	2	12
chr21	8400327	8400426	1	3	0	0	1	13
chr21	8400408	8443296	1	3	0	0	1	15
chr21	8400515	8444747	2	2	0	0	1	12
chr21	8400606	8444792	2	2	0	0	5	21
chr21	8400630	8442693	1	1	0	0	1	40
chr21	8400630	8444862	1	1	0	0	3	38
chr21	8400699	8443080	2	2	0	0	2	17
chr21	8400747	8444979	2	2	0	0	1	34
chr21	8400753	8438021	2	2	0	0	2	17
chr21	8400760	8400788	2	2	0	0	3	17
chr21	8400836	8445066	2	2	0	0	1	15
chr21	8400839	8445071	1	1	0	0	1	19
chr21	8400866	8445103	1	1	0	0	3	40
chr21	8400877	8445109	1	1	0	0	1	34
chr21	8400940	8445175	2	4	0	0	1	14
chr21	8400992	8445228	1	1	0	0	2	20
chr21	8401020	8442847	2	2	0	0	1	18
chr21	8401022	8401068	2	2	0	0	1	25
chr21	8401022	8442852	2	2	0	0	1	15
chr21	8401026	8442061	2	2	0	0	2	12
chr21	8401026	8445066	2	2	0	0	1	44
chr21	8401029	8442856	2	2	0	0	1	24
chr21	8401072	8445300	2	2	0	0	1	13
chr21	8401097	8445329	1	1	0	0	3	15
chr21	8401119	8443941	1	1	0	0	2	23
chr21	8401215	8445382	1	1	0	0	3	12
chr21	8401215	8445447	1	1	0	0	2	30
chr21	8401243	8445491	2	2	0	0	3	18
chr21	8401308	8445540	2	2	0	0	1	23
chr21	8401464	8445696	1	1	0	0	9	23
chr21	8401485	8445506	1	1	0	0	1	14
chr21	8401510	8445742	1	1	0	0	15	34
chr21	8401550	8401580	2	2	0	0	2	13
chr21	8401577	8445540	2	2	0	0	1	20
chr21	8401667	8401845	2	2	0	0	2	25
chr21	8401785	8446016	1	1	0	0	21	22
chr21	8401794	8443428	1	1	0	0	1	28
chr21	8401794	8445877	1	1	0	0	1	31
chr21	8401915	8445827	2	6	0	0	2	19
chr21	8401955	8446186	1	1	0	0	1	12
chr21	8402416	8437215	2	2	0	0	1	13
chr21	8406057	8406183	1	1	1	0	1	5
chr21	8420149	8444246	1	1	0	0	1	18
chr21	8420305	8444246	1	1	0	1	0	15
chr21	8433284	8433355	0	0	0	0	4	38
chr21	8435953	8438096	1	1	0	0	2	16
chr21	8435961	8437555	1	1	0	0	2	23
chr21	8436332	8445952	2	2	0	0	2	12
chr21	8436933	8438571	2	2	0	0	2	20
chr21	8437006	8437240	2	2	0	0	1	24
chr21	8437009	8437240	2	2	0	0	1	23
chr21	8437009	8437274	2	2	0	0	15	23
chr21	8437011	8437265	2	2	0	0	1	25
chr21	8437011	8437274	2	2	0	0	12	25
chr21	8437011	8437277	2	2	0	0	6	25
chr21	8437011	8437369	2	2	0	0	1	18
chr21	8437011	8437998	2	2	0	0	1	29
chr21	8437014	8437274	2	2	0	0	2	22
chr21	8437017	8437274	2	2	0	0	1	21
chr21	8437026	8437284	2	2	0	0	3	12
chr21	8437028	8443619	1	1	0	0	3	14
chr21	8437028	8445808	1	1	0	0	3	27
chr21	8437159	8988404	2	2	0	0	4	25
chr21	8437168	8988345	2	2	0	0	6	29
chr21	8437168	8988404	2	2	0	0	4	26
chr21	8437179	8988408	2	2	0	0	8	22
chr21	8437240	8437277	2	2	0	0	2	14
chr21	8437369	8438021	2	2	0	0	2	23
chr21	8437483	8445872	2	2	0	0	2	14
chr21	8437521	8437730	1	1	0	0	2	27
chr21	8437648	8437802	2	2	0	0	2	26
chr21	8437673	8445115	1	1	0	0	1	24
chr21	8437678	8441071	2	2	0	0	1	19
chr21	8437827	8446053	1	3	0	0	1	14
chr21	8438046	8438281	1	1	0	0	1	13
chr21	8438046	8442063	1	1	0	0	1	13
chr21	8438046	8442796	1	1	0	0	1	21
chr21	8438051	8438555	1	1	0	0	1	12
chr21	8438051	8442110	1	1	0	0	2	23
chr21	8438060	8442045	2	2	0	0	1	13
chr21	8438106	8438167	2	2	0	0	1	33
chr21	8438184	8438363	2	2	0	0	1	33
chr21	8438336	8438555	1	1	0	0	1	14
chr21	8439875	8441484	2	2	0	0	1	14
chr21	8439919	8441535	2	2	0	0	2	14
chr21	8441331	8441389	1	1	0	0	1	15
chr21	8441344	8441389	1	1	0	0	23	37
chr21	8441465	8443159	2	2	0	0	1	18
chr21	8441656	8441806	2	2	0	0	5	24
chr21	8441894	8442078	1	1	0	0	1	29
chr21	8441898	8442061	2	2	0	0	1	12
chr21	8441898	8442081	2	2	0	0	3	26
chr21	8442539	8453485	1	1	0	0	1	16
chr21	8442722	8442747	2	6	0	0	1	26
chr21	8442740	8443425	1	1	0	0	1	37
chr21	8442831	8445528	2	2	0	0	3	35
chr21	8442966	8443014	1	1	0	0	1	20
chr21	8443448	8443479	2	4	0	0	1	12
chr21	8443714	8443901	1	1	0	0	1	23
chr21	8444145	8444332	2	4	0	0	1	17
chr21	8444180	8444295	2	4	0	0	2	22
chr21	8444562	8444658	1	3	0	0	1	13
chr21	8444992	8445020	2	2	0	0	3	17
chr21	8445091	8445203	0	0	0	0	4	33
chr21	8445254	8445300	2	2	0	0	1	25
chr21	8445261	8445290	2	4	0	0	2	12
chr21	8445782	8445812	2	2	0	0	2	13
chr21	8445899	8446076	2	2	0	0	2	25
chr21	8445947	8445977	2	4	0	0	1	16
chr21	8450244	8450370	1	1	1	0	1	5
chr21	8988302	8988536	2	2	0	0	1	24
chr21	8988305	8988536	2	2	0	0	1	23
chr21	8988305	8988570	2	2	0	0	15	23
chr21	8988307	8988561	2	2	0	0	1	25
chr21	8988307	8988570	2	2	0	0	12	25
chr21	8988307	8988573	2	2	0	0	6	25
chr21	8988307	8988665	2	2	0	0	1	18
chr21	8988310	8988570	2	2	0	0	2	22
chr21	8988313	8988570	2	2	0	0	1	21
chr21	8988322	8988580	2	2	0	0	3	12
chr21	8988536	8988573	2	2	0	0	2	14
chr21	17561477	17565427	1	1	1	1	0	5
chr21	25562015	25562124	1	1	1	0	1	5
chr21	25881772	25891721	2	2	1	1	0	6
chr21	32413014	32457596	1	1	1	2	0	9
chr21	33325132	33335523	1	1	1	1	0	11
chr21	43095744	43100452	2	2	1	0	1	4
chr21	43421368	43421637	2	4	1	0	1	19
chr21	43774760	43776203	2	2	1	2	0	14
chr21	44126966	44127931	1	1	1	0	3	16
chr21	44143362	44144820	1	5	1	0	1	5
chr21	44294504	44296382	1	1	1	0	2	8
chr21	44865448	44873501	2	2	1	1	0	3
chr21	45538009	45562741	2	2	1	0	2	7
chr21	46191960	46194490	2	2	1	0	1	5
chr22	11630309	11630465	1	1	0	1	0	16
chr22	20704057	20704187	1	1	1	0	3	6
chr22	20982577	20983026	1	1	1	0	25	7
chr22	23967023	23967385	1	1	1	0	1	12
chr22	23971624	23973767	2	2	1	2	0	10
chr22	23973944	23974306	2	2	1	0	1	12
chr22	29367271	29388423	2	2	1	1	0	6
chr22	30491938	30492442	1	1	1	0	1	5
chr22	30889235	30889489	1	1	1	2	0	21
chr22	31262792	31265945	1	1	1	0	1	5
chr22	31528864	31531057	1	1	1	0	1	3
chr22	31613531	31613601	1	1	1	0	1	7
chr22	37052633	37053099	1	1	1	0	1	3
chr22	37136391	37137586	2	2	1	0	1	5
chr22	37986313	37987290	1	1	1	0	1	3
chr22	38501281	38505950	2	2	1	1	0	21
chr22	40850881	40856430	2	2	1	3	0	14
chr22	40951477	40953554	1	1	1	1	0	8
chr22	41239621	41240873	2	2	1	0	1	4
chr22	41544122	41544510	2	2	1	0	1	3
chr22	41589164	41589718	2	2	1	0	1	3
chr22	42891183	42893456	2	2	1	1	0	8
chr22	44497812	44498043	2	2	1	1	0	20
chr22	45528010	45531264	1	1	1	1	0	8
chr22	45531325	45533062	1	1	1	0	1	3
chr22	45542284	45543400	1	1	1	1	0	21
chr22	46665707	46666824	1	1	1	0	1	5
chr22	46701711	46707842	2	2	1	0	2	5
chr22	49775746	49776049	2	2	1	0	1	5
chr22	49918899	49919229	1	1	1	2	0	6
chr22	50210312	50210630	1	1	1	4	0	14
chr22	50327036	50343292	1	1	0	1	0	16
chrX	5944111	5946261	1	1	0	1	0	12
chrX	7843873	7843992	1	1	1	0	3	5
chrX	10169355	10212846	2	2	0	0	1	17
chrX	20025084	20025680	2	2	1	0	1	7
chrX	40589117	40591233	1	1	1	2	0	7
chrX	40599742	40600761	1	1	1	2	0	9
chrX	46912720	46984883	1	1	1	0	1	3
chrX	47206445	47209622	1	1	1	1	0	24
chrX	47585332	47585542	1	1	1	1	0	7
chrX	48461077	48461717	2	2	1	0	1	7
chrX	48467926	48469334	2	2	1	1	0	3
chrX	48653715	48688692	1	1	0	0	1	12
chrX	48801752	48801873	1	1	1	0	1	4
chrX	48981315	48981415	2	2	1	0	2	7
chrX	53568875	53569615	2	2	1	0	1	7
chrX	71283722	71297842	1	1	1	0	1	7
chrX	77654201	77656559	2	2	1	0	2	3
chrX	87905028	87935156	1	1	0	0	1	12
chrX	91451777	91456898	2	2	0	1	0	13
chrX	101346661	101348532	2	2	1	0	1	5
chrX	103608059	103608603	1	1	1	1	0	10
chrX	108310829	108437941	2	2	1	1	0	13
chrX	108694922	108695266	1	1	1	1	0	6
chrX	109661646	109663210	2	2	1	0	5	5
chrX	109932903	109942979	2	4	0	0	1	12
chrX	111681425	111682235	1	1	1	0	1	4
chrX	115562531	115562625	2	2	1	0	1	3
chrX	119582677	119583126	1	1	1	1	0	13
chrX	126819864	126820658	1	1	1	0	1	6
chrX	129829142	129841778	2	2	1	2	0	9
chrX	129843327	129843695	2	2	1	0	1	6
chrX	132063490	132068214	1	1	1	0	1	6
chrX	141176409	141176892	2	2	1	0	1	3
chrX	153951708	153951840	2	2	1	1	0	5
chrX	154014279	154016031	2	2	1	2	0	5
chrX	154353728	154353914	2	2	1	1	0	8
chrX	154361571	154361669	2	2	1	2	0	14
chrX	154362579	154362660	2	2	1	2	0	19
chrX	154379538	154379689	1	1	1	0	3	4
chrX	154400627	154400701	1	1	1	0	3	11
chrX	154405656	154409111	2	2	1	1	0	16
chrX	154469483	154469687	1	1	1	1	0	5
chrX	154830956	154832573	2	2	1	1	0	10
chrM	2295	2357	2	2	0	1	0	26
