chr1	999614	999691	2	2	1	2	0	12
chr1	1519572	1520140	1	1	1	0	1	6
chr1	1753650	1754283	2	2	1	0	1	5
chr1	2391959	2395783	1	1	1	1	0	14
chr1	2776130	2776369	1	1	1	0	1	7
chr1	3773182	3775298	1	1	1	0	1	7
chr1	3892997	3900171	2	2	1	1	1	6
chr1	4320333	4389484	1	1	0	2	0	13
chr1	4593000	4636220	1	1	0	1	0	12
chr1	5599684	5625592	1	1	0	0	1	12
chr1	6197757	6199561	2	2	1	1	0	21
chr1	6282797	6294863	2	2	1	0	1	9
chr1	6447460	6448640	1	1	1	1	0	7
chr1	6672755	6687899	2	2	0	1	0	14
chr1	6785576	6820180	1	1	1	1	2	6
chr1	8867251	8867987	2	2	1	1	0	4
chr1	9052760	9052901	1	1	0	1	0	12
chr1	9610806	9611752	1	1	1	0	1	4
chr1	10256324	10258492	1	1	1	0	4	4
chr1	11108287	11109289	2	2	1	0	1	5
chr1	15374632	15375602	1	1	1	0	1	3
chr1	16023929	16024762	1	1	1	1	0	9
chr1	17004412	17004706	2	2	1	0	1	3
chr1	19100574	19101519	2	2	1	1	0	15
chr1	19110465	19110741	2	2	1	1	0	3
chr1	21860236	21861756	2	2	1	0	1	5
chr1	23600407	23627277	2	2	0	1	1	12
chr1	23695909	23696343	1	1	1	0	1	24
chr1	25801161	25802015	1	1	1	0	2	4
chr1	25801161	25805141	1	1	1	0	1	4
chr1	28507526	28508717	1	1	0	0	1	36
chr1	28507542	28508733	2	2	0	0	1	24
chr1	32383998	32394079	2	2	1	0	1	3
chr1	32817690	32825312	1	1	1	0	1	6
chr1	35466696	35470862	2	2	1	0	1	5
chr1	35698189	35718696	2	2	0	1	0	12
chr1	39699987	39745493	2	2	0	1	0	12
chr1	41008715	41008793	1	1	1	0	1	4
chr1	41028320	41028583	2	2	1	0	1	7
chr1	42765589	42781500	1	1	0	1	0	13
chr1	43453498	43453594	2	2	1	1	0	7
chr1	43966642	43966723	1	1	1	1	0	14
chr1	44776775	44777613	1	1	1	0	1	14
chr1	45519055	45521828	2	2	1	1	0	8
chr1	50583716	50584684	2	2	1	1	0	10
chr1	53247057	53248462	2	2	1	0	7	4
chr1	53835621	53838204	2	2	1	1	0	8
chr1	55137905	55138607	2	2	1	0	1	5
chr1	64804031	64843888	2	2	0	1	0	13
chr1	67413264	67415165	2	2	1	0	1	6
chr1	67424960	67425082	2	2	1	0	1	4
chr1	67686127	67686403	1	1	1	1	2	4
chr1	69678479	69716141	1	1	1	0	1	3
chr1	85582625	85582739	1	1	1	1	0	15
chr1	92833459	92833544	1	1	1	0	2	5
chr1	92833661	92834778	1	1	1	0	1	9
chr1	108631776	108713392	2	2	0	4	0	13
chr1	109737568	109737655	2	2	1	2	0	21
chr1	110038758	110039171	1	1	1	0	1	3
chr1	112703120	112703643	2	2	1	1	0	18
chr1	144551857	144560741	1	1	0	0	1	14
chr1	149101380	149102728	2	2	1	0	1	7
chr1	150263420	150263661	1	1	1	0	1	5
chr1	150487695	150498609	2	2	0	1	0	13
chr1	150577492	150578243	2	2	1	1	0	11
chr1	153545519	153545752	2	2	1	1	0	9
chr1	154159049	154170399	2	2	1	0	1	5
chr1	154969449	154970031	2	2	1	2	0	3
chr1	155020905	155057753	2	2	0	0	1	12
chr1	155169858	155172564	2	2	1	2	0	17
chr1	155187577	155187721	2	2	1	0	1	4
chr1	156338606	156339633	1	1	1	0	3	7
chr1	156824785	156845199	2	4	0	0	1	12
chr1	159929815	159929890	2	2	1	0	1	5
chr1	160351373	160351695	1	1	1	0	1	7
chr1	161422127	161447266	1	1	0	0	1	14
chr1	161422127	161454646	1	1	0	0	1	14
chr1	161422127	161462057	1	1	0	0	1	14
chr1	161422127	161469437	1	1	0	0	1	14
chr1	161447262	161454646	1	1	0	0	1	14
chr1	161447262	161462057	1	1	0	0	1	14
chr1	161447262	161469437	1	1	0	0	1	14
chr1	161454642	161462057	1	1	0	0	1	14
chr1	161454642	161469437	1	1	0	0	1	14
chr1	161462053	161469437	1	1	0	0	1	14
chr1	169419160	169421362	2	2	1	0	1	10
chr1	178093413	178093560	2	2	1	0	2	8
chr1	179110371	179146997	1	1	0	1	0	12
chr1	182839936	182842544	1	1	1	0	1	5
chr1	186679202	186679321	2	2	1	0	1	4
chr1	200042966	200043773	1	1	1	0	8	3
chr1	200644518	200648438	2	2	1	0	1	6
chr1	200891943	200931906	1	3	0	0	1	12
chr1	202811371	202811688	1	1	1	0	1	6
chr1	203061147	203094254	1	1	0	1	0	12
chr1	212357285	212358685	1	1	1	0	1	3
chr1	228351451	228352950	1	1	1	0	1	6
chr1	228628189	228630431	1	1	0	0	1	24
chr1	228628189	228632672	1	1	0	0	1	24
chr1	228628189	228634912	1	1	0	0	1	24
chr1	228628189	228637137	1	1	0	0	1	24
chr1	228628189	228639378	1	1	0	0	1	24
chr1	228628189	228641609	1	1	0	0	1	24
chr1	228628189	228643850	1	1	0	0	1	24
chr1	228628189	228646081	1	1	0	0	1	24
chr1	229096650	229097318	1	1	0	1	0	13
chr1	231168049	231356815	2	2	0	6	1	13
chr1	231854171	231863574	1	1	0	0	1	12
chr1	233801734	233839285	2	2	0	1	0	13
chr1	244052278	244053787	1	1	1	0	1	4
chr1	248445670	248446588	1	1	1	0	1	8
chr2	249845	253004	2	2	1	1	0	8
chr2	676239	677288	2	2	1	0	1	3
chr2	1247444	1259369	1	1	1	1	2	7
chr2	8308223	8338843	1	1	0	1	0	12
chr2	10443314	10443489	2	2	1	1	0	3
chr2	11618920	11620904	1	1	1	0	4	10
chr2	11834104	11848576	1	1	1	0	1	7
chr2	13001742	13002423	2	2	1	0	6	3
chr2	13001742	13003823	2	2	1	0	5	3
chr2	19305099	19322710	1	1	0	0	1	13
chr2	25246065	25246159	2	2	1	0	1	5
chr2	27336029	27336197	2	2	1	2	0	16
chr2	27376521	27376605	1	1	1	0	1	5
chr2	27662282	27663328	2	2	1	1	0	14
chr2	29175601	29181571	1	1	1	0	7	7
chr2	30105121	30218106	1	1	0	2	1	13
chr2	32401386	32401462	1	1	1	1	0	6
chr2	32916240	32916442	1	1	0	0	1	12
chr2	32916346	32916402	1	1	0	0	1	13
chr2	32916346	32916442	1	1	0	1	4	43
chr2	32916346	32916474	1	1	0	0	1	47
chr2	32916346	32916487	1	1	0	19	3	34
chr2	32916346	32916558	1	1	0	0	1	13
chr2	32916346	32916599	1	1	0	0	1	13
chr2	42966086	43011119	2	2	0	1	6	13
chr2	45874915	45923164	1	1	0	1	0	12
chr2	47691027	47691115	1	3	0	0	1	22
chr2	48915612	48940851	2	2	0	1	0	12
chr2	54626235	54628096	1	1	1	1	0	5
chr2	57766395	57812737	1	1	0	1	1	12
chr2	61756821	61775739	1	1	0	1	0	12
chr2	61833521	61845737	1	1	0	2	1	12
chr2	61833521	61929866	1	1	0	1	1	13
chr2	69895215	69896435	1	1	1	0	4	7
chr2	70532943	70554902	2	2	0	0	1	12
chr2	72873722	72897591	2	2	0	0	1	12
chr2	84624621	84624901	1	1	1	0	1	7
chr2	85402159	85413142	2	2	1	0	1	8
chr2	86158722	86159535	2	2	1	1	0	15
chr2	96193353	96194957	2	2	1	1	0	15
chr2	96227920	96261665	2	2	0	1	0	12
chr2	110641206	110641306	2	4	1	1	0	6
chr2	119647051	119651973	1	1	1	16	5	4
chr2	126746539	126751315	1	1	0	1	0	12
chr2	127062198	127063570	2	2	1	1	0	5
chr2	127388999	127389110	1	1	1	1	0	5
chr2	127654545	127654829	2	2	1	0	1	5
chr2	127764980	127765173	2	2	1	0	1	5
chr2	129858036	129877596	2	2	0	1	0	12
chr2	149131342	149143853	1	5	1	0	1	7
chr2	151175644	151243704	2	2	0	1	1	13
chr2	171731930	171736422	1	1	0	2	0	12
chr2	174246816	174248451	2	2	1	1	0	9
chr2	186659176	186663767	1	1	1	0	1	6
chr2	188991058	188991486	1	1	1	1	0	9
chr2	188999384	188999469	1	1	1	1	0	9
chr2	189575321	189578354	2	2	1	0	10	7
chr2	191793560	191811520	1	1	1	0	1	3
chr2	197498851	197499781	2	2	1	1	0	13
chr2	199879204	199905276	1	1	0	0	1	12
chr2	201145433	201149002	1	1	1	0	1	4
chr2	201761819	201765652	2	2	1	0	1	5
chr2	201761819	201765790	0	0	1	0	1	5
chr2	202339106	202358140	1	1	0	0	1	12
chr2	202924416	202941859	1	1	1	0	1	3
chr2	202924416	202942739	1	1	1	0	3	7
chr2	205537504	205612873	2	2	0	2	0	14
chr2	208443538	208444733	1	1	1	0	1	5
chr2	213017045	213021643	2	2	1	0	1	5
chr2	218217255	218217462	1	1	1	1	0	14
chr2	219232363	219232489	1	1	1	0	6	6
chr2	219252231	219252995	2	2	1	1	0	7
chr2	223770297	223772595	2	2	1	2	1	4
chr2	231370711	231371512	1	1	1	3	0	4
chr2	232870415	232875939	1	1	1	0	1	5
chr2	233076420	233079334	1	1	1	1	0	5
chr2	236486901	236487999	2	2	1	1	0	7
chr2	237360160	237361120	2	2	1	0	1	5
chr2	240436085	240459029	1	1	1	16	143	8
chr2	240458118	240459029	1	1	1	0	1	7
chr2	240571544	240573997	1	1	0	1	0	12
chr2	240682679	240682714	2	2	1	0	1	5
chr2	240692037	240692073	1	1	1	0	1	5
chr2	241051861	241052040	1	1	1	0	4	5
chr3	8113145	8120062	1	1	1	0	1	6
chr3	12911491	12932441	2	2	0	1	0	12
chr3	13340034	13340235	2	2	1	1	0	7
chr3	14478569	14479084	1	1	1	1	0	11
chr3	32449553	32452391	1	1	1	0	1	5
chr3	33120494	33124407	1	1	1	1	0	5
chr3	37417143	37417252	1	1	1	1	0	9
chr3	38362321	38551502	2	2	0	0	3	12
chr3	38456025	38551502	2	2	0	2	0	12
chr3	38514853	38551502	2	2	0	3	0	12
chr3	38524538	38551502	2	2	0	2	3	12
chr3	38551020	38551502	2	2	0	1	0	12
chr3	39129311	39130078	1	1	1	2	6	6
chr3	40457364	40457889	1	1	1	0	1	3
chr3	40457475	40457889	1	1	1	0	1	3
chr3	42193899	42194803	1	1	1	1	0	5
chr3	46389571	46411284	2	2	0	0	1	12
chr3	46714502	46715534	2	2	1	0	1	6
chr3	47511227	47511311	2	2	1	0	1	3
chr3	48440313	48440402	1	1	1	1	2	17
chr3	48631307	48631648	2	2	1	0	1	7
chr3	49022222	49022345	1	1	1	1	0	10
chr3	49470434	49510418	1	1	1	1	0	13
chr3	49834505	49861456	2	2	0	0	1	12
chr3	50256853	50256936	1	1	1	2	0	10
chr3	50292541	50292587	2	2	1	1	0	4
chr3	50331450	50331558	2	2	1	1	0	7
chr3	51935477	51935591	2	2	1	0	2	5
chr3	51995470	51995856	2	2	1	0	2	9
chr3	52270810	52278200	2	2	1	0	1	12
chr3	52291112	52292259	1	1	1	0	1	8
chr3	52323881	52326139	1	1	1	0	1	6
chr3	52810362	52858022	2	2	0	2	1	12
chr3	56956828	57100106	2	2	0	7	1	12
chr3	58130909	58131926	1	1	1	1	0	6
chr3	64627342	64692195	1	1	0	2	0	14
chr3	75430915	75432807	2	2	1	0	1	23
chr3	105715240	105716913	2	2	0	2	0	13
chr3	107110654	107129887	2	2	1	0	1	6
chr3	115239983	115240304	1	1	1	0	1	6
chr3	119863606	119866589	2	2	1	0	2	4
chr3	120596540	120601110	1	1	1	0	1	7
chr3	122795536	122806856	1	1	1	0	1	5
chr3	123286810	123289749	2	2	1	0	2	6
chr3	125848389	125882956	1	1	1	0	1	4
chr3	127014630	127014710	1	1	1	0	1	5
chr3	128341890	128358216	1	1	1	0	1	8
chr3	128988919	128991478	2	2	1	0	1	6
chr3	129002325	129003793	1	1	1	0	2	6
chr3	129408859	129411157	2	2	1	0	2	6
chr3	129506550	129512311	1	1	1	0	3	7
chr3	130107290	130109172	2	2	1	0	1	23
chr3	130997754	130998293	1	1	1	0	2	3
chr3	133864643	133895396	2	2	1	0	1	3
chr3	134780082	134783519	2	2	0	1	0	13
chr3	137772131	137774523	1	1	1	0	1	5
chr3	140310595	140339938	2	2	0	0	1	12
chr3	140562309	140562810	1	1	1	0	1	3
chr3	144296519	144305624	2	2	0	1	0	18
chr3	146076896	146079115	2	2	1	1	0	4
chr3	160224260	160225142	2	2	1	1	0	7
chr3	160502203	160504000	2	2	1	0	1	5
chr3	160565641	160566006	1	1	1	0	5	6
chr3	177025525	177026372	2	2	1	1	0	6
chr3	178030906	178172215	2	2	1	0	1	5
chr3	184257757	184258287	1	1	1	0	1	3
chr3	187236388	187291688	2	4	1	2	1	8
chr3	191102175	191108775	1	1	0	2	0	12
chr3	192541661	192545041	2	2	0	0	1	12
chr3	194064621	194065190	2	2	1	0	1	7
chr3	195729552	195729647	1	1	1	0	6	5
chr3	196058366	196058573	2	2	1	1	0	15
chr4	851975	859605	2	2	1	0	1	8
chr4	1983696	1983847	2	2	1	1	0	6
chr4	2954564	2956669	2	2	1	1	0	14
chr4	3518992	3520071	2	2	1	1	0	2
chr4	4582770	4629106	1	1	0	1	0	12
chr4	9169688	9184355	2	2	0	0	1	13
chr4	17635114	17636527	2	2	1	0	3	5
chr4	25674630	25676134	1	1	1	0	13	5
chr4	26386392	26406174	1	1	1	1	0	7
chr4	38624580	38628038	2	2	1	1	1	6
chr4	41100751	41138041	2	2	1	0	1	4
chr4	52714239	52716930	1	1	1	0	2	6
chr4	54731420	54731870	1	1	1	0	1	4
chr4	55650388	55723812	2	4	0	0	2	12
chr4	57032553	57033194	2	2	1	1	0	10
chr4	57040934	57109876	2	2	1	0	1	3
chr4	82373778	82374118	2	2	1	0	1	4
chr4	85475560	85570521	1	1	1	1	0	6
chr4	99949741	99950167	2	2	1	1	0	6
chr4	106265777	106313523	2	2	0	0	1	12
chr4	108622205	108622514	1	1	1	1	0	16
chr4	113419362	113420330	2	2	1	1	0	4
chr4	120335732	120367657	1	1	1	0	1	5
chr4	120754639	120762379	2	2	1	1	4	6
chr4	121933043	121951465	2	2	1	0	1	6
chr4	128758106	128783849	1	1	0	1	0	18
chr4	128855798	128857337	1	1	1	2	0	7
chr4	139584276	139610667	1	1	0	0	1	12
chr4	148997264	149011977	1	1	0	1	0	12
chr4	151014862	151015201	2	2	1	1	0	24
chr4	151226087	151266085	2	2	1	0	1	7
chr4	151226087	151325240	2	2	1	0	1	7
chr4	175464724	175466534	2	2	1	0	2	5
chr4	184788514	184788616	2	2	1	0	1	5
chr4	185019088	185019386	1	1	1	0	2	4
chr4	186145113	186149172	1	1	1	0	2	4
chr5	894953	896664	1	1	1	1	0	11
chr5	1068757	1086278	1	1	0	0	1	12
chr5	1225982	1257715	2	2	0	2	0	12
chr5	1339006	1341670	2	2	1	0	1	5
chr5	3578454	3600589	2	4	0	1	1	13
chr5	10254839	10255954	1	1	1	1	0	18
chr5	14143883	14270824	1	1	1	0	1	3
chr5	16711023	16711120	2	4	1	1	0	24
chr5	38345837	38346492	2	2	1	0	1	5
chr5	40834266	40834470	2	2	1	1	0	17
chr5	50815525	50821212	1	1	1	0	1	6
chr5	54519727	54543178	1	1	1	0	1	7
chr5	56900416	56910175	2	2	1	0	1	5
chr5	62794723	62828367	1	1	0	0	1	12
chr5	69368988	69369462	2	2	1	1	0	7
chr5	78360729	78388836	1	1	1	0	1	3
chr5	82276519	82277692	2	2	1	0	1	7
chr5	89095030	89377282	1	1	1	0	1	5
chr5	94974424	94982763	2	4	0	1	0	21
chr5	96958777	96979137	1	1	1	1	3	5
chr5	107227223	107274323	2	2	0	1	0	12
chr5	110555904	110593163	1	1	0	1	0	12
chr5	135031509	135033712	2	2	1	1	0	7
chr5	137499114	137499174	2	2	0	1	0	24
chr5	140108220	140114040	1	1	1	0	2	4
chr5	140113210	140114040	1	1	1	1	0	3
chr5	140644189	140644572	1	1	1	0	2	4
chr5	140647925	140648470	1	1	1	0	1	17
chr5	144207547	144473659	1	1	1	0	2	6
chr5	148214024	148214904	1	1	0	0	1	14
chr5	148214026	148214904	1	1	1	0	1	1
chr5	148214030	148214910	1	1	0	0	1	20
chr5	154859838	154863206	1	1	1	0	1	3
chr5	168692701	168696291	2	2	1	0	1	3
chr5	176529645	176529730	2	2	1	1	0	3
chr5	177306177	177306421	1	1	1	1	0	3
chr5	177468218	177468843	2	2	1	1	0	1
chr5	177536746	177537872	2	2	1	0	1	5
chr5	178613640	178613726	2	2	1	0	1	4
chr5	179699103	179705678	1	1	1	1	0	13
chr5	179706332	179707131	1	1	1	1	0	17
chr5	179723020	179723659	1	1	1	1	0	8
chr5	179781676	179837074	2	2	0	0	2	12
chr5	181101864	181187737	1	3	0	0	2	21
chr5	181188474	181218328	2	2	0	0	1	14
chr5	181188474	181222453	2	2	0	0	1	14
chr5	181205009	181239305	2	2	0	1	0	12
chr6	405131	406765	1	1	1	0	2	3
chr6	405131	407454	1	1	1	0	2	3
chr6	1364230	1379349	2	2	0	1	0	12
chr6	2953187	2954591	2	2	1	0	1	7
chr6	3893543	3894038	1	1	1	0	1	4
chr6	4668967	4683871	1	1	0	1	0	12
chr6	6711859	6738908	2	2	1	0	1	5
chr6	20421838	20423850	2	2	0	0	1	15
chr6	26263927	26305527	2	2	0	1	0	12
chr6	27602661	27605731	2	2	0	0	2	14
chr6	27650986	27681164	2	2	0	0	2	14
chr6	27650986	27728606	2	2	0	0	2	14
chr6	27791403	27810145	1	1	0	0	1	15
chr6	30067480	30068278	1	1	1	0	1	6
chr6	31690603	31691578	2	2	1	1	0	6
chr6	35469530	35470178	1	1	1	0	1	8
chr6	35870960	35872562	2	2	1	1	5	5
chr6	36451133	36486131	2	2	0	0	1	21
chr6	37643040	37687168	1	1	0	1	0	13
chr6	42050587	42051356	1	1	1	0	1	3
chr6	42726198	42736994	1	1	0	1	0	12
chr6	42940607	42940772	1	1	1	0	4	8
chr6	43193209	43196068	1	1	1	0	1	3
chr6	43503707	43504760	1	1	1	0	1	5
chr6	44247196	44248629	1	1	1	0	1	8
chr6	52283407	52284596	2	2	1	1	0	6
chr6	71500099	71547141	2	2	0	0	1	13
chr6	73517935	73518029	2	2	1	0	2	12
chr6	73520057	73520999	2	2	1	0	1	9
chr6	75152483	75202719	2	2	1	2	0	9
chr6	75189382	75189551	2	2	1	1	0	3
chr6	88274493	88296602	1	1	0	1	0	13
chr6	100078744	100170295	2	2	0	2	0	13
chr6	100617410	100626864	2	2	0	0	1	12
chr6	116461430	116463282	1	1	1	0	1	7
chr6	132816564	132816959	1	1	1	0	2	9
chr6	134133678	134133827	1	1	0	0	1	21
chr6	145910637	145913477	2	2	1	2	0	8
chr6	148440235	148440357	1	1	1	0	1	3
chr6	151911093	152013796	2	2	0	1	2	12
chr6	160061929	160062531	1	1	1	1	14	9
chr6	167911490	167914167	1	1	1	1	0	17
chr6	170703232	170740631	1	1	0	0	1	12
chr7	583980	632069	1	1	0	1	0	12
chr7	1471642	1472242	2	2	1	0	2	3
chr7	1503192	1503902	2	2	1	1	0	7
chr7	2278306	2309804	2	2	1	0	3	3
chr7	2288081	2288370	0	0	1	1	0	7
chr7	2531646	2572321	1	1	0	0	1	12
chr7	2559521	2571525	1	1	1	0	1	6
chr7	5529401	5529534	2	2	1	0	1	3
chr7	5529401	5530523	2	2	1	0	1	3
chr7	7567485	7572435	1	1	1	1	0	8
chr7	8004060	8055435	1	1	1	0	1	4
chr7	30612246	30615895	1	1	1	1	0	15
chr7	33765913	33784336	2	2	0	1	0	12
chr7	38219661	38228798	1	1	1	1	0	7
chr7	47388275	47406945	1	1	0	1	1	12
chr7	50732369	50747578	2	2	1	0	1	5
chr7	66466108	66485270	2	4	0	1	0	12
chr7	66573551	66592256	2	2	1	1	0	7
chr7	73683924	73686635	1	1	1	0	1	6
chr7	73686901	73686998	1	1	1	1	0	9
chr7	76252404	76272951	2	2	0	1	0	13
chr7	77313550	77314369	2	2	1	0	1	3
chr7	87391713	87392565	1	1	1	0	2	9
chr7	87600191	87600754	2	2	1	0	1	6
chr7	100076774	100080429	1	1	0	1	0	12
chr7	100176366	100177033	2	2	1	8	16	8
chr7	100573213	100573296	2	2	1	0	1	4
chr7	108043897	108044243	2	2	1	0	3	8
chr7	128850484	128850802	1	1	1	0	1	3
chr7	130381147	130383683	1	1	1	0	1	7
chr7	130383493	130383683	1	1	1	0	1	4
chr7	134950515	134958068	1	1	1	0	1	9
chr7	143381780	143382247	1	1	1	1	0	26
chr7	145553200	145591886	2	2	0	1	0	13
chr7	149310204	149331143	1	1	0	0	1	17
chr7	149878791	149882515	1	1	1	0	1	5
chr7	151077028	151077100	2	2	1	1	0	29
chr7	151203515	151204508	2	2	1	0	1	10
chr7	158957784	158958346	2	2	1	2	0	4
chr8	637596	640582	2	2	1	0	1	5
chr8	1626888	1632826	1	1	1	30	41	7
chr8	1925405	1928426	1	1	1	1	0	4
chr8	3493645	3542581	2	2	0	1	0	12
chr8	11844242	11845081	2	2	1	0	1	4
chr8	12407012	12421616	1	1	0	0	1	13
chr8	19452663	19454606	1	3	0	1	0	12
chr8	22164060	22164265	1	1	1	0	1	6
chr8	22416281	22417650	1	1	1	3	0	29
chr8	23004144	23004424	1	1	1	1	0	5
chr8	27833134	27837651	2	2	1	1	0	10
chr8	29134132	29137794	1	1	0	1	0	12
chr8	55715945	55745656	2	2	0	0	1	12
chr8	63035771	63038473	2	2	1	1	0	9
chr8	92155573	92167517	1	1	0	1	0	17
chr8	98045089	98045346	2	2	1	2	0	17
chr8	100924299	100924915	2	2	1	2	0	11
chr8	116793271	116811850	2	2	0	0	1	13
chr8	123334323	123336372	2	2	1	0	2	4
chr8	124539288	124543086	1	1	1	0	1	4
chr8	134565422	134583831	2	2	1	0	2	5
chr8	141133128	141172039	1	1	0	1	0	12
chr8	141326369	141326963	1	1	1	0	1	6
chr8	141684835	141843546	1	1	0	3	0	12
chr8	143280998	143281481	2	2	1	1	0	5
chr8	143528603	143616562	2	2	0	3	0	12
chr8	143542397	143549655	2	2	1	0	1	3
chr8	143576277	143616562	2	2	0	0	1	12
chr8	143592661	143597347	2	2	1	0	2	5
chr8	143616221	143616566	2	2	1	0	2	3
chr8	143616441	143616566	2	2	1	8	23	10
chr8	144354768	144354841	2	2	1	0	3	3
chr8	144829605	144837393	1	1	1	0	2	3
chr9	6824630	6834446	2	2	0	0	1	12
chr9	15356095	15371696	2	2	0	0	1	12
chr9	16204039	16215771	2	2	1	0	1	3
chr9	17530122	17577957	1	1	0	1	0	12
chr9	19378515	19378707	2	2	1	4	0	11
chr9	19378919	19379486	2	2	1	1	0	3
chr9	19379619	19380189	2	2	1	0	2	9
chr9	33709906	33710040	1	1	1	1	1	6
chr9	33926665	33926988	2	2	1	0	1	3
chr9	34521857	34522776	2	2	1	0	1	5
chr9	35657777	35657935	1	1	0	2	0	23
chr9	35657780	35657935	1	1	0	1	0	26
chr9	35657956	35658002	1	3	0	1	0	18
chr9	36849065	36851514	1	1	0	0	1	13
chr9	37124736	37173466	1	1	0	1	0	12
chr9	37501845	37503042	1	1	1	1	0	6
chr9	38966084	38978874	1	1	0	1	0	12
chr9	70113314	70157523	1	1	0	0	1	12
chr9	72056885	72059234	2	2	1	0	1	3
chr9	76711359	76713562	2	2	1	0	1	4
chr9	87969350	87969795	2	2	1	0	1	11
chr9	88647069	88647214	2	2	1	0	1	4
chr9	91682230	91682622	2	2	0	2	0	12
chr9	92875060	92877819	2	2	1	0	2	7
chr9	93184386	93184927	1	1	1	0	1	4
chr9	93317632	93320366	1	1	1	0	1	3
chr9	98200375	98201478	2	2	1	1	0	11
chr9	107283310	107283526	1	1	1	0	1	7
chr9	109050693	109057190	2	2	1	0	1	7
chr9	113313910	113314510	0	0	1	0	1	8
chr9	116729097	116733398	2	2	1	0	2	6
chr9	121370824	121375214	1	1	1	4	9	6
chr9	121493519	121500185	1	1	0	1	0	12
chr9	125002186	125034683	1	1	0	0	1	12
chr9	127598650	127612369	2	2	0	0	1	12
chr9	127921231	127935802	1	1	0	1	0	12
chr9	127921231	127960840	1	1	0	1	0	12
chr9	130118782	130119062	2	2	0	0	1	12
chr9	130608394	130609953	1	1	1	1	0	3
chr9	131041736	131045523	1	1	1	0	1	7
chr9	131125750	131127523	1	1	1	1	0	11
chr9	133030911	133042086	1	1	1	0	2	5
chr9	133149522	133165609	1	1	0	0	2	12
chr9	133149522	133233927	1	1	0	0	2	12
chr9	133255671	133255674	0	0	1	3	3	8
chr9	134454063	134536733	2	2	0	0	2	12
chr9	134738516	134738745	1	1	1	1	0	8
chr9	135198921	135205487	1	1	0	1	0	13
chr9	136337073	136337440	1	1	1	0	1	7
chr9	136400605	136400872	1	1	0	1	0	12
chr9	137564959	137565084	2	2	1	1	0	9
chr10	2501558	2501746	2	2	1	0	1	4
chr10	5758993	5761289	1	1	1	0	1	3
chr10	12249719	12250310	1	1	1	1	0	16
chr10	13447320	13452538	2	2	1	1	3	6
chr10	16906410	16907507	2	2	1	0	1	4
chr10	21175374	21193075	1	1	0	1	0	12
chr10	24423012	24454897	2	2	0	0	1	12
chr10	30326636	30336802	2	2	1	0	1	9
chr10	49509509	49535756	1	1	0	1	0	12
chr10	49614476	49616022	1	1	1	0	1	7
chr10	60196244	60196526	2	2	1	0	1	5
chr10	68165819	68166293	1	1	1	1	0	3
chr10	68755537	68757293	1	1	1	0	1	3
chr10	68773787	68823582	2	2	0	1	0	12
chr10	69398829	69400990	1	1	1	0	1	6
chr10	69585068	69607320	1	1	0	2	0	13
chr10	69930553	69932559	1	1	1	1	0	8
chr10	70116775	70117811	2	2	1	0	3	4
chr10	71005713	71021804	2	2	0	1	0	13
chr10	81944716	81960217	1	1	0	1	0	12
chr10	88908778	88910915	1	1	1	1	0	9
chr10	89462693	89468025	1	1	1	0	1	3
chr10	89762836	89768289	1	1	1	1	0	9
chr10	97388625	97390422	2	2	1	0	1	6
chr10	99898761	99899918	2	2	1	0	3	4
chr10	99953095	100014341	2	2	0	2	0	12
chr10	100973278	100973546	1	1	1	0	1	3
chr10	100984075	100987089	2	2	1	0	1	4
chr10	102161663	102161832	1	1	1	1	0	32
chr10	103202026	103273110	2	2	0	2	0	12
chr10	107490189	107495725	2	2	0	1	0	12
chr10	111390978	111439671	1	1	0	2	0	12
chr10	116601202	116604029	1	1	1	0	1	5
chr10	116622285	117140607	2	2	0	7	0	13
chr10	116847018	116849462	1	1	0	1	0	12
chr10	119065571	119069445	2	2	1	2	0	16
chr10	120461387	120485759	2	2	0	1	0	12
chr10	123429171	123430429	1	1	1	0	3	3
chr10	123768723	123769456	2	2	1	1	0	3
chr10	123768723	123770915	2	2	1	1	0	3
chr10	125707760	125719495	2	2	1	1	2	4
chr10	133399620	133401528	1	1	1	0	1	6
chr10	133399654	133401528	1	1	1	0	1	6
chr11	1020258	1020683	2	2	1	0	1	8
chr11	1443636	1444970	1	1	1	0	2	5
chr11	1579798	1694142	2	4	0	1	2	12
chr11	2133276	2167636	2	2	0	1	0	12
chr11	2400799	2402293	1	1	1	0	1	7
chr11	2884014	2884665	2	4	0	1	0	12
chr11	2954647	2955743	2	2	1	1	0	10
chr11	6611819	6614865	2	2	1	0	1	8
chr11	8250148	8277917	2	2	0	1	0	12
chr11	8684893	8685677	1	1	1	1	0	15
chr11	9442198	9445096	1	1	1	2	0	3
chr11	9490975	9496318	2	2	0	1	0	12
chr11	17428671	17430813	2	2	1	0	4	4
chr11	17514627	17516240	2	2	1	1	1	6
chr11	18394637	18396818	1	1	1	0	1	6
chr11	18403014	18403693	1	1	1	0	1	5
chr11	43398114	43399887	1	1	1	0	1	3
chr11	47418917	47462203	1	1	0	0	1	12
chr11	47565987	47569699	1	1	1	1	0	28
chr11	57415107	57416572	2	2	1	0	1	3
chr11	57759354	57803078	2	2	0	1	0	12
chr11	59793515	59795601	1	1	1	0	1	3
chr11	60856205	60860763	1	1	0	1	0	12
chr11	62631184	62632564	2	2	1	2	0	6
chr11	62639732	62646561	2	2	1	1	0	13
chr11	63559007	63576328	1	1	0	1	0	13
chr11	64351256	64351475	1	1	1	0	1	6
chr11	65539460	65539547	2	2	1	1	0	23
chr11	66272253	66275803	1	1	1	0	2	3
chr11	66560077	66560170	1	1	1	0	3	4
chr11	66568083	66568170	2	2	1	0	3	5
chr11	67400920	67401067	2	2	1	0	4	5
chr11	68792727	68815161	1	1	0	1	0	13
chr11	71789846	71791738	1	1	1	0	1	23
chr11	73468493	73597922	2	2	1	0	2	5
chr11	74852083	74859157	2	2	1	0	1	4
chr11	75399578	75400693	1	1	1	1	0	13
chr11	75400825	75401639	1	1	1	0	1	5
chr11	78454046	78465875	2	2	1	0	1	6
chr11	93724376	93725650	1	1	1	0	1	8
chr11	107560900	107565600	2	2	1	0	1	5
chr11	110233480	110236098	2	2	1	1	0	3
chr11	112074359	112074886	1	1	1	0	7	6
chr11	114156435	114186951	1	1	1	0	1	6
chr11	118340594	118342552	2	2	1	0	1	5
chr11	118401729	118406936	1	1	1	5	11	9
chr11	119018054	119018281	2	2	1	1	0	8
chr11	119073952	119076818	1	1	1	0	1	3
chr11	120875244	120898531	1	1	1	0	2	6
chr11	121520850	121522585	1	1	1	0	1	7
chr11	124636533	124637280	1	1	0	0	3	12
chr12	548615	598768	2	2	0	2	0	12
chr12	674713	677786	1	1	0	1	0	12
chr12	674713	682759	1	1	0	1	0	12
chr12	1772962	1777853	1	1	1	1	0	18
chr12	1934641	2116017	1	1	0	0	3	12
chr12	6679184	6679454	2	2	1	0	1	4
chr12	6729450	6730401	1	1	1	1	0	7
chr12	6849414	6849564	2	2	1	1	0	6
chr12	6966501	6970195	2	2	1	0	2	5
chr12	7209841	7210021	1	1	1	0	1	7
chr12	8213660	8228318	1	1	0	0	1	13
chr12	8238750	8240641	2	2	1	0	1	23
chr12	10177448	10212948	1	1	0	1	0	13
chr12	13229792	13403303	1	1	0	1	2	12
chr12	13403318	13678673	1	1	0	5	1	14
chr12	22644023	22656431	1	1	1	0	1	5
chr12	42483986	42589464	2	2	1	1	5	4
chr12	42846613	42854375	1	1	0	1	0	12
chr12	47978118	47978290	2	2	1	0	1	3
chr12	49541133	49541629	1	1	1	1	1	9
chr12	49559302	49559452	2	2	1	6	9	4
chr12	49758481	49758682	1	1	1	2	0	11
chr12	49924001	49924330	1	1	1	0	1	4
chr12	52586173	52586945	2	2	1	0	1	3
chr12	52948829	52949455	2	2	1	1	0	20
chr12	53060760	53060848	1	3	1	0	1	7
chr12	53296468	53297371	1	1	1	0	1	3
chr12	56116800	56117188	1	1	1	0	1	3
chr12	56116931	56117188	1	1	1	0	1	3
chr12	56117212	56117481	1	1	1	0	1	3
chr12	56230683	56275739	2	2	0	1	0	12
chr12	56252096	56252174	2	2	1	0	1	5
chr12	57010904	57012133	0	0	1	0	1	6
chr12	57765500	57766006	2	2	1	0	2	10
chr12	65747868	65752507	2	2	0	0	1	12
chr12	68746780	68748075	1	1	1	0	1	5
chr12	93854170	93912561	2	2	0	3	1	12
chr12	101267453	101310510	1	1	0	1	0	12
chr12	101958368	101986383	1	3	0	0	1	12
chr12	103928547	103929881	2	2	1	0	1	4
chr12	103941548	103941628	1	1	1	1	0	6
chr12	103941707	103941831	1	1	1	0	1	7
chr12	108131099	108178312	1	1	0	1	0	12
chr12	108544479	108545138	2	2	1	0	1	7
chr12	111406288	111414525	1	1	0	0	1	12
chr12	111686240	111686350	1	1	1	0	2	10
chr12	113221237	113226727	1	1	1	0	1	5
chr12	113455852	113627335	1	1	0	6	3	13
chr12	118079607	118082151	2	2	1	0	1	3
chr12	118266760	118358918	2	2	1	0	1	3
chr12	118297164	118358918	2	2	1	0	4	3
chr12	118760068	118761591	2	2	1	1	1	7
chr12	119461069	119468442	2	2	0	1	0	12
chr12	119674058	119674339	1	1	1	0	1	6
chr12	120131334	120131925	2	2	1	0	1	4
chr12	120197463	120198553	2	2	1	1	0	4
chr12	124335281	124335482	2	2	1	1	0	12
chr12	124913775	124914586	2	2	1	1	0	15
chr12	132618922	132619843	1	1	1	0	2	4
chr13	22895039	22896360	2	2	1	0	1	7
chr13	26221331	26222002	2	2	1	1	0	4
chr13	28049775	28050094	2	2	1	0	1	3
chr13	32202041	32202355	1	3	1	1	0	4
chr13	47929574	47957242	2	2	0	0	1	12
chr13	49131375	49136331	1	1	1	0	1	4
chr13	49719160	49762938	1	1	0	1	0	12
chr13	51822630	51864975	2	2	0	0	2	12
chr13	58987952	59425943	2	2	0	4	0	14
chr13	71015249	71143185	1	1	1	0	1	3
chr13	98018705	98019580	1	1	1	1	0	17
chr13	98191224	98203989	2	2	0	1	1	13
chr13	108460909	108490044	2	2	0	0	1	13
chr13	110503482	110503846	1	1	1	1	0	10
chr13	113076158	113077051	1	1	1	0	2	5
chr13	113873735	113881439	1	1	0	1	0	12
chr14	20610156	20625406	1	3	0	0	2	21
chr14	21031166	21032319	1	1	1	0	1	5
chr14	21500683	21500912	2	2	1	0	1	4
chr14	21503578	21503663	2	2	1	0	3	4
chr14	22841559	22845416	1	1	0	0	1	12
chr14	22905222	22905335	2	2	1	2	2	7
chr14	23405128	23405222	2	2	1	0	1	5
chr14	24238770	24238905	1	3	1	0	1	3
chr14	24266890	24267659	2	2	1	0	1	7
chr14	30597527	30598482	1	1	1	2	0	11
chr14	30622494	30625188	1	1	0	0	1	13
chr14	39277066	39279448	1	1	1	0	1	6
chr14	39321057	39326863	1	1	1	0	3	7
chr14	49583676	49585949	2	2	1	0	1	3
chr14	49586686	49586835	1	1	0	1	0	24
chr14	49586715	49586835	1	1	0	1	0	39
chr14	49621049	49621245	2	4	1	0	1	9
chr14	49853709	49862644	2	4	0	0	1	23
chr14	49853738	49862670	2	2	0	1	0	13
chr14	49853795	49862730	2	2	0	0	1	15
chr14	49853839	49862774	2	2	0	1	8	36
chr14	49853839	49883616	2	2	0	0	1	14
chr14	49862774	49883616	2	2	0	0	1	14
chr14	62117567	62118690	1	1	1	0	3	8
chr14	69325405	69325961	1	1	1	1	0	7
chr14	69329822	69345374	1	1	0	1	0	13
chr14	69977966	69992416	1	1	1	1	0	11
chr14	74829344	74835264	1	1	1	1	0	26
chr14	77731130	77732484	2	2	1	0	3	4
chr14	77924607	77925763	1	1	1	1	8	12
chr14	87811071	87813477	1	1	1	0	1	3
chr14	88242968	88243552	2	2	0	1	0	12
chr14	92651944	92652159	1	1	1	0	1	7
chr14	93115306	93115771	2	2	1	1	0	6
chr14	101995301	101997034	1	1	1	0	1	4
chr14	103873462	103873877	1	1	1	0	3	7
chr14	104109869	104148525	1	3	0	1	0	12
chr14	105148230	105148325	2	2	1	0	4	6
chr14	105226761	105228819	2	2	1	1	18	8
chr15	22803762	22836453	2	4	0	1	0	12
chr15	25172579	25172949	1	1	1	1	2	4
chr15	25174871	25175238	1	1	1	0	3	5
chr15	25182329	25182711	1	1	1	0	1	3
chr15	25185575	25185959	1	1	1	0	1	3
chr15	25189355	25189740	1	1	1	0	1	3
chr15	25191351	25191716	1	1	1	1	6	6
chr15	25193410	25193646	1	1	1	0	1	4
chr15	25203171	25203551	1	1	1	0	2	3
chr15	25206044	25206584	1	1	1	1	3	3
chr15	25206201	25206584	1	1	1	0	1	4
chr15	25232332	25232710	1	1	1	0	1	3
chr15	25234204	25234574	1	1	1	2	0	5
chr15	25241691	25242071	1	1	1	0	1	3
chr15	25250815	25251175	1	1	1	0	1	3
chr15	28992164	28994312	2	2	0	1	0	12
chr15	30618260	30663205	2	2	0	1	0	12
chr15	32568870	32598121	1	1	0	1	0	12
chr15	33092204	33180197	2	2	1	0	1	7
chr15	34342278	34342845	2	4	1	0	1	6
chr15	37095615	37095752	2	4	1	0	1	4
chr15	38690741	38727101	2	4	0	1	0	12
chr15	43792612	43822134	1	1	0	0	1	13
chr15	57015155	57017266	1	1	0	0	1	12
chr15	65020691	65057792	1	1	0	1	0	12
chr15	65296121	65304747	2	2	0	0	1	15
chr15	66933959	66941246	2	2	0	1	0	12
chr15	67181454	67184726	1	1	1	1	3	10
chr15	68361705	68364706	2	2	1	1	0	12
chr15	69453722	69455169	1	1	1	1	1	12
chr15	69628937	69631625	1	1	1	0	17	6
chr15	72260689	72261557	2	2	1	1	0	3
chr15	74448601	74449185	2	2	1	1	0	4
chr15	75338686	75339036	1	1	1	0	1	3
chr15	78873219	78878212	1	1	1	0	3	4
chr15	80121127	80153130	1	1	0	0	1	12
chr15	82531713	82533025	2	2	1	0	1	6
chr15	89333914	89334684	2	2	1	1	0	6
chr15	89633219	89633668	2	2	0	1	0	12
chr15	89799316	89799425	2	2	1	1	1	8
chr15	90482282	90483360	1	1	1	1	0	7
chr15	92300030	92304721	1	1	0	1	0	12
chr15	93056642	93058416	1	1	0	1	0	12
chr16	677792	728227	1	1	0	2	0	12
chr16	679217	720871	1	1	0	1	0	12
chr16	773046	773128	2	2	1	0	1	3
chr16	1034895	1064668	1	1	0	0	1	12
chr16	1352018	1352101	1	1	1	0	1	7
chr16	1447569	1447654	2	2	1	2	0	13
chr16	1758724	1782587	2	4	0	0	1	12
chr16	2205513	2206030	1	1	1	0	1	6
chr16	2205513	2206060	1	1	1	0	1	6
chr16	2481573	2529518	2	2	0	1	0	12
chr16	2786605	2787532	2	2	1	0	1	4
chr16	3144832	3145667	1	1	1	1	0	5
chr16	3149961	3191501	1	1	0	1	0	13
chr16	4357260	4358366	2	2	1	0	1	5
chr16	7518390	7579779	1	1	1	0	1	4
chr16	11692083	11698124	2	2	1	0	1	4
chr16	14323384	14325550	1	1	1	1	0	11
chr16	16008323	16033375	2	2	0	2	0	12
chr16	19035811	19037877	1	1	1	0	2	6
chr16	20902718	20920121	1	1	1	0	6	7
chr16	24822148	24822873	1	1	1	0	7	5
chr16	29199202	29211740	2	2	0	0	1	12
chr16	31410879	31411075	1	1	1	0	5	5
chr16	31873970	31875151	1	1	1	0	1	6
chr16	46778132	46787368	1	1	0	1	0	12
chr16	46778132	46920140	1	1	0	1	3	13
chr16	46778132	46965766	1	1	0	4	0	13
chr16	46778132	46966166	1	1	0	0	3	12
chr16	50304517	50304924	1	1	1	27	18	4
chr16	56458595	56462533	1	1	1	0	1	3
chr16	56886476	56886952	1	1	1	0	1	3
chr16	57361297	57406589	1	1	0	1	0	12
chr16	58464468	58475611	1	1	1	0	1	7
chr16	58515881	58516201	1	1	1	1	0	4
chr16	58756228	58790128	2	2	0	0	1	13
chr16	58770629	58770777	1	1	0	0	1	21
chr16	62056159	62127853	1	1	0	2	0	12
chr16	69961716	69961987	1	1	1	0	5	7
chr16	70184624	70184895	1	1	1	0	5	7
chr16	70475768	70476186	1	1	1	0	1	4
chr16	70646427	70656454	1	1	0	1	0	12
chr16	70691021	70808083	2	2	0	5	0	14
chr16	70713831	70735696	2	2	0	0	1	12
chr16	70783619	70808088	2	4	0	0	3	12
chr16	70786366	70800796	2	2	1	1	0	13
chr16	72017107	72021123	1	1	1	0	6	5
chr16	72017107	72024144	1	1	1	0	1	5
chr16	74410633	74410904	2	2	1	0	4	7
chr16	74459790	74462093	2	2	1	0	3	3
chr16	84135606	84139222	2	2	1	0	1	5
chr16	88143114	88177663	2	2	0	1	0	12
chr16	88609837	88632737	1	1	0	1	2	12
chr16	89275192	89288527	2	2	1	0	1	4
chr16	89695346	89695728	1	1	1	0	1	3
chr16	89933368	89933467	1	1	1	0	1	5
chr17	387319	394284	1	1	0	0	1	13
chr17	1714046	1714370	2	2	1	0	1	3
chr17	4549443	4550057	2	2	1	0	1	3
chr17	4965433	5002478	1	1	0	1	0	12
chr17	5002494	5026680	1	1	0	1	0	12
chr17	11240035	11307440	1	1	0	2	0	13
chr17	11854429	11869133	1	1	1	1	11	7
chr17	15259194	15262428	2	2	1	0	1	3
chr17	15700169	15700272	1	1	1	0	1	4
chr17	16047094	16048844	2	2	1	1	0	11
chr17	17203676	17214710	2	2	0	1	0	12
chr17	19062118	19188105	1	1	0	0	5	25
chr17	19062124	19188109	1	1	0	3	0	33
chr17	19062127	19188105	1	1	0	0	3	36
chr17	19062134	19188091	2	2	0	6	1	43
chr17	19063949	19112449	2	2	0	0	2	20
chr17	19063993	19112493	1	1	0	0	2	33
chr17	19064043	19112421	2	2	0	0	1	34
chr17	19064047	19112421	2	2	0	0	3	36
chr17	19064047	19112430	2	2	0	0	5	25
chr17	19064047	19190030	2	2	0	0	3	36
chr17	19064047	19190039	2	2	0	0	5	25
chr17	19064049	19112430	2	2	0	0	1	22
chr17	19064071	19112424	2	2	0	0	1	23
chr17	19112449	19190058	2	2	0	0	2	20
chr17	19112547	19190030	2	2	0	0	3	36
chr17	19112547	19190039	2	2	0	0	5	25
chr17	19188125	19188203	1	1	0	1	0	29
chr17	27294436	27304779	1	1	1	0	1	3
chr17	27294436	27306781	1	1	1	0	1	3
chr17	28506753	28537499	2	2	0	1	0	12
chr17	28583987	28584149	2	2	1	1	0	3
chr17	29095060	29096760	2	2	1	1	0	8
chr17	38759279	38808438	1	1	0	1	0	12
chr17	38861741	38869349	2	2	0	0	1	17
chr17	38925652	39092657	1	1	0	6	0	13
chr17	39709882	39710085	1	1	1	0	1	5
chr17	40331397	40351909	1	1	1	2	0	5
chr17	41690190	41690781	1	1	1	1	0	4
chr17	43399094	43399660	1	1	1	2	8	11
chr17	43533986	43536425	2	2	1	1	0	6
chr17	45170331	45170963	2	2	1	0	1	3
chr17	47324075	47324453	1	1	1	0	1	3
chr17	50046193	50067115	2	2	0	1	0	15
chr17	50117696	50118160	2	2	1	0	1	3
chr17	50135385	50135552	2	2	1	2	0	13
chr17	50194184	50194348	2	2	1	1	0	12
chr17	50402110	50445743	1	1	0	0	1	12
chr17	51153663	51155650	1	1	1	1	0	9
chr17	56322472	56324187	1	1	0	1	0	13
chr17	59112346	59119318	2	2	1	2	0	20
chr17	59560796	59565746	1	1	0	0	1	12
chr17	64145996	64146229	1	1	1	1	0	14
chr17	65001054	65037811	2	2	0	1	0	12
chr17	67666462	67678280	1	1	0	0	1	13
chr17	68130323	68134098	0	0	1	0	5	4
chr17	73835211	73835946	2	2	1	0	1	4
chr17	74203959	74204129	1	1	1	1	0	21
chr17	75042278	75042528	2	2	1	1	0	11
chr17	75249009	75261547	2	2	1	0	1	5
chr17	75798454	75842428	2	2	0	1	0	13
chr17	77994422	78157853	2	4	0	0	4	12
chr17	78427109	78428524	2	4	1	0	1	4
chr17	79794594	79826043	2	4	0	0	1	12
chr17	80227961	80236927	1	1	1	0	1	5
chr17	80385172	80385537	1	1	1	2	0	7
chr18	5293328	5293971	2	2	1	0	1	4
chr18	11890392	11920533	2	2	0	0	1	12
chr18	11895621	11920533	2	2	0	0	1	12
chr18	21612444	21623747	1	1	1	0	1	3
chr18	28011993	28013682	2	2	1	1	0	5
chr18	36653405	36675772	2	2	0	1	0	12
chr18	39246801	39277625	1	1	0	1	0	13
chr18	48049115	48051244	2	2	0	1	0	12
chr18	59083780	59084311	1	1	1	0	1	7
chr18	64301156	64318981	2	4	0	0	1	12
chr19	680813	681332	1	1	1	0	1	7
chr19	1122283	1122467	2	2	1	0	3	3
chr19	1407803	1417499	1	1	1	0	2	4
chr19	1585215	1592617	2	2	1	1	0	11
chr19	1918991	1920647	1	1	1	0	1	6
chr19	3028804	3028880	2	2	1	1	0	9
chr19	3825693	4057864	2	2	0	3	1	12
chr19	4453523	4453929	2	2	1	2	0	9
chr19	4941629	4941744	1	1	1	1	4	8
chr19	6142217	6162201	1	1	0	0	1	12
chr19	6282983	6323356	1	1	0	1	0	13
chr19	7426275	7427757	1	1	0	1	0	22
chr19	7730441	7730754	2	2	1	0	3	10
chr19	7788901	7789208	1	1	1	0	2	3
chr19	8056762	8088259	2	2	0	0	1	12
chr19	10070379	10070634	1	1	1	1	0	9
chr19	10110247	10110323	1	1	1	27	10	10
chr19	12225280	12226371	2	2	1	0	2	3
chr19	13440888	13686520	2	2	0	4	0	12
chr19	14480640	14490612	1	1	0	0	1	12
chr19	14480640	14491144	1	1	0	1	0	12
chr19	17339027	17339122	1	1	1	0	2	3
chr19	17835004	17835082	2	2	1	0	2	7
chr19	17861406	17862115	2	4	0	0	1	22
chr19	18532256	18532663	2	2	1	1	0	3
chr19	18594435	18596621	2	2	1	0	1	3
chr19	19202882	19203022	2	2	1	0	2	7
chr19	32571896	32616134	1	1	0	1	0	12
chr19	32926274	32926933	2	2	1	1	0	5
chr19	33685200	33689175	1	1	1	0	1	7
chr19	35269493	35269580	1	1	1	2	0	13
chr19	35505987	35510183	2	2	1	0	2	6
chr19	38209265	38214555	2	2	0	1	0	12
chr19	38682693	38712582	2	4	0	0	1	12
chr19	38837652	38838396	2	2	1	1	0	5
chr19	39335532	39342291	2	2	1	1	16	6
chr19	39974441	39974523	1	1	1	1	2	7
chr19	40366916	40367600	1	1	1	0	2	5
chr19	41281276	41292244	1	1	1	1	0	13
chr19	41576339	41577199	1	1	1	0	1	8
chr19	41682028	41730814	2	2	0	1	0	12
chr19	41708796	41709679	1	1	1	0	1	8
chr19	41755703	41756599	1	1	1	0	1	8
chr19	41796742	41797588	1	1	1	0	1	8
chr19	42314852	42314992	1	1	1	0	1	5
chr19	42527401	42528310	2	2	1	0	1	8
chr19	42593901	42594764	2	2	1	0	1	8
chr19	42632098	42632970	2	2	1	0	1	8
chr19	44944891	44945139	1	1	1	0	1	4
chr19	45396647	45440249	1	1	0	0	1	12
chr19	47036130	47039076	1	1	1	0	2	5
chr19	48111458	48149232	1	1	0	1	0	12
chr19	48469527	48470352	1	1	1	1	0	17
chr19	49490865	49491039	1	1	1	0	2	14
chr19	49514134	49514210	1	1	1	1	0	8
chr19	49558979	49559933	2	2	1	0	1	7
chr19	50223350	50225584	1	1	1	1	0	5
chr19	51886913	51887753	2	2	1	0	1	7
chr19	55085974	55086060	1	1	1	0	2	4
chr19	55386694	55386766	1	1	1	0	1	3
chr19	55388049	55388242	1	1	1	1	0	36
chr19	55485781	55486407	1	1	1	0	1	8
chr19	58267113	58267613	1	1	1	0	1	5
chr19	58286206	58294097	1	1	1	1	0	6
chr19	58545538	58545763	1	1	1	1	0	15
chr20	3807687	3843662	1	1	0	0	1	12
chr20	10198530	10220072	2	2	0	2	0	12
chr20	17620808	17621457	2	2	1	0	1	5
chr20	24971577	24973644	2	2	1	2	0	22
chr20	26081391	26082893	1	1	1	0	1	4
chr20	32008422	32015302	1	1	0	0	4	12
chr20	32054282	32071661	1	1	1	0	1	5
chr20	32634271	32651017	2	2	1	0	1	3
chr20	33852204	33853495	1	1	1	1	0	9
chr20	34295586	34311471	2	4	1	1	0	6
chr20	35772080	35801490	1	1	1	1	0	21
chr20	36436351	36439753	1	1	1	1	0	7
chr20	36526078	36526812	1	1	1	0	1	8
chr20	41061491	41076170	1	1	1	1	0	12
chr20	43624046	43635925	1	1	1	0	1	3
chr20	45406211	45408459	1	1	1	0	3	5
chr20	45952522	45952597	2	2	1	0	8	12
chr20	46040615	46041328	1	1	1	0	1	6
chr20	48142385	48206231	2	2	0	0	2	12
chr20	50242636	50286272	2	2	0	0	1	12
chr20	50791190	50847110	2	4	0	4	1	12
chr20	56629593	56631204	1	1	1	0	1	5
chr20	56723789	56773299	2	2	0	1	0	12
chr20	57630581	57676486	2	2	0	0	1	12
chr20	58593598	58638465	1	1	0	1	0	12
chr20	58694895	58715316	1	1	0	1	0	12
chr20	58895685	58898940	1	1	1	1	0	4
chr20	62271732	62272124	1	1	1	0	7	5
chr20	63661944	63662473	1	1	1	0	1	7
chr20	63691838	63692016	1	1	1	0	1	5
chr21	8193957	8210827	1	1	0	0	1	14
chr21	8207009	8251181	2	2	0	0	2	16
chr21	8208719	8210781	1	1	0	0	2	15
chr21	8208719	8218242	1	1	0	0	1	14
chr21	8208719	8218288	1	1	0	0	1	16
chr21	8208719	8254989	1	1	0	0	2	15
chr21	8209761	8210029	2	2	0	0	2	20
chr21	8209764	8210029	2	2	0	0	3	23
chr21	8209766	8210029	2	2	0	0	5	25
chr21	8209766	8210032	2	2	0	0	1	18
chr21	8209769	8210821	2	2	0	0	2	24
chr21	8209769	8255029	2	2	0	0	2	24
chr21	8209914	8254073	2	2	0	0	1	24
chr21	8209923	8254077	2	2	0	0	1	22
chr21	8210266	8210715	2	2	0	0	2	23
chr21	8210276	8254438	1	1	0	0	1	18
chr21	8210286	8253903	1	1	0	0	1	14
chr21	8210389	8210776	2	2	0	0	1	20
chr21	8210521	8254458	1	1	0	0	10	26
chr21	8210521	8393285	1	1	0	0	10	26
chr21	8210521	8437495	1	1	0	0	10	26
chr21	8210743	8211328	1	5	0	0	1	12
chr21	8210781	8254989	1	1	0	0	3	21
chr21	8210781	8393816	1	1	0	0	3	21
chr21	8210801	8211278	1	1	0	0	2	14
chr21	8210801	8254897	1	1	0	0	1	18
chr21	8210801	8255009	1	1	0	0	11	20
chr21	8210801	8393836	1	1	0	0	11	20
chr21	8210801	8438046	1	1	0	0	11	20
chr21	8210821	8255029	2	2	0	0	2	16
chr21	8210971	8255099	2	2	0	0	1	22
chr21	8211164	8254961	2	2	0	0	1	28
chr21	8211164	8255373	2	2	0	0	3	34
chr21	8211164	8394199	2	2	0	0	3	34
chr21	8211228	8254989	1	1	0	0	1	17
chr21	8211336	8254989	1	1	0	0	1	26
chr21	8211343	8254239	2	2	0	0	1	20
chr21	8211357	8254349	1	1	0	0	1	15
chr21	8211415	8255618	2	2	0	0	1	17
chr21	8211441	8255642	2	2	0	0	1	19
chr21	8212583	8256789	1	1	0	0	2	13
chr21	8212679	8256888	2	2	0	0	2	23
chr21	8214038	8258203	1	1	0	0	1	17
chr21	8214038	8258222	1	1	0	0	1	17
chr21	8214070	8214115	2	2	0	0	2	34
chr21	8214086	8214131	1	1	0	0	17	29
chr21	8214266	8258487	1	1	0	0	1	20
chr21	8214277	8258498	2	2	0	0	1	24
chr21	8214398	8214555	2	2	0	0	2	17
chr21	8214426	8214537	2	2	0	0	1	15
chr21	8214940	8259111	2	2	0	0	1	18
chr21	8215245	8217062	2	4	0	0	1	21
chr21	8215321	8259480	2	2	0	0	2	31
chr21	8215354	8259518	2	4	0	0	1	26
chr21	8215412	8259446	1	1	0	0	1	29
chr21	8215517	8259442	2	2	0	0	1	36
chr21	8215558	8254984	2	2	0	0	1	23
chr21	8215703	8259937	1	1	0	0	2	23
chr21	8215726	8259955	1	1	0	0	1	19
chr21	8215885	8254458	1	1	0	0	1	15
chr21	8216283	8260510	1	1	0	0	1	26
chr21	8216420	8260649	1	1	0	0	10	18
chr21	8216420	8399454	1	1	0	0	10	18
chr21	8216420	8443689	1	1	0	0	10	18
chr21	8216609	8260693	2	2	0	0	1	22
chr21	8216615	8217900	2	4	0	0	1	28
chr21	8216636	8260861	1	1	0	0	1	26
chr21	8216657	8260579	1	1	0	0	1	14
chr21	8216935	8260337	2	2	0	0	1	12
chr21	8216984	8217833	1	1	0	0	1	14
chr21	8217568	8400560	2	2	0	0	5	20
chr21	8217568	8444792	2	2	0	0	5	20
chr21	8217580	8218180	2	2	0	0	1	27
chr21	8217988	8259026	2	2	0	0	1	12
chr21	8217991	8259026	2	2	0	0	1	12
chr21	8218059	8401097	1	1	0	0	3	24
chr21	8218426	8401464	1	1	0	0	6	27
chr21	8218426	8445696	1	1	0	0	6	27
chr21	8218472	8401510	1	1	0	0	4	32
chr21	8218472	8445742	1	1	0	0	4	32
chr21	8218880	8260544	1	1	0	0	1	28
chr21	8220009	8258197	2	2	0	0	1	12
chr21	8223058	8223184	1	1	1	0	1	4
chr21	8252925	8254989	1	1	0	0	2	15
chr21	8253971	8254239	2	2	0	0	2	20
chr21	8253974	8254239	2	2	0	0	3	23
chr21	8253976	8254239	2	2	0	0	5	25
chr21	8253976	8254242	2	2	0	0	1	18
chr21	8253979	8255029	2	2	0	0	2	24
chr21	8254474	8254923	2	2	0	0	2	23
chr21	8254597	8254984	2	2	0	0	1	20
chr21	8254729	8393285	1	1	0	0	10	26
chr21	8254729	8437495	1	1	0	0	10	26
chr21	8254951	8255536	1	5	0	0	1	12
chr21	8254989	8393816	1	1	0	0	3	21
chr21	8254989	8438026	1	1	0	0	3	21
chr21	8255009	8255486	1	1	0	0	2	14
chr21	8255009	8393836	1	1	0	0	11	20
chr21	8255009	8438046	1	1	0	0	11	20
chr21	8255373	8394199	2	2	0	0	3	34
chr21	8255373	8438409	2	2	0	0	3	34
chr21	8258291	8258336	2	2	0	0	2	34
chr21	8258307	8258352	1	1	0	0	17	29
chr21	8259550	8259594	2	4	0	0	1	29
chr21	8260649	8399454	1	1	0	0	10	18
chr21	8260649	8443689	1	1	0	0	10	18
chr21	8377002	8393862	1	1	0	0	1	14
chr21	8390056	8434205	2	2	0	0	2	16
chr21	8391762	8393816	1	1	0	0	2	15
chr21	8391762	8401280	1	1	0	0	1	14
chr21	8391762	8401326	1	1	0	0	1	16
chr21	8391762	8438026	1	1	0	0	2	15
chr21	8392796	8393064	2	2	0	0	2	20
chr21	8392799	8393064	2	2	0	0	3	23
chr21	8392801	8393064	2	2	0	0	5	25
chr21	8392801	8393067	2	2	0	0	1	18
chr21	8392804	8393856	2	2	0	0	2	24
chr21	8392804	8438066	2	2	0	0	2	24
chr21	8392949	8437108	2	2	0	0	1	24
chr21	8392958	8437112	2	2	0	0	1	22
chr21	8393301	8393750	2	2	0	0	2	23
chr21	8393311	8437475	1	1	0	0	1	18
chr21	8393321	8436937	1	1	0	0	1	14
chr21	8393424	8393811	2	2	0	0	1	20
chr21	8393556	8437495	1	1	0	0	10	26
chr21	8393778	8394363	1	5	0	0	1	12
chr21	8393816	8438026	1	1	0	0	3	21
chr21	8393836	8394313	1	1	0	0	2	14
chr21	8393836	8437934	1	1	0	0	1	18
chr21	8393836	8438046	1	1	0	0	11	20
chr21	8393856	8438066	2	2	0	0	2	16
chr21	8394006	8438136	2	2	0	0	1	22
chr21	8394199	8437998	2	2	0	0	1	28
chr21	8394199	8438409	2	2	0	0	3	34
chr21	8394263	8438026	1	1	0	0	1	17
chr21	8394371	8438026	1	1	0	0	1	26
chr21	8394378	8437274	2	2	0	0	1	20
chr21	8394378	8438588	2	2	0	0	1	14
chr21	8394392	8437384	1	1	0	0	1	15
chr21	8394476	8438682	2	2	0	0	1	19
chr21	8394485	8438607	1	1	0	0	1	33
chr21	8395618	8439831	1	1	0	0	2	13
chr21	8395714	8439930	2	2	0	0	2	23
chr21	8397076	8441240	1	1	0	0	1	17
chr21	8397076	8441259	1	1	0	0	1	17
chr21	8397108	8397153	2	2	0	0	2	34
chr21	8397124	8397169	1	1	0	0	17	29
chr21	8397304	8441524	1	1	0	0	1	20
chr21	8397315	8441535	2	2	0	0	1	24
chr21	8397378	8441598	1	1	0	0	1	15
chr21	8397436	8397593	2	2	0	0	2	17
chr21	8397464	8397575	2	2	0	0	1	15
chr21	8397974	8442146	2	2	0	0	1	18
chr21	8398355	8442514	2	2	0	0	2	31
chr21	8398388	8442552	2	4	0	0	1	26
chr21	8398446	8442480	1	1	0	0	1	29
chr21	8398551	8442476	2	2	0	0	1	36
chr21	8398592	8438021	2	2	0	0	1	23
chr21	8398737	8442971	1	1	0	0	2	23
chr21	8398760	8442989	1	1	0	0	1	19
chr21	8398919	8437495	1	1	0	0	1	15
chr21	8399317	8443550	1	1	0	0	1	26
chr21	8399454	8443689	1	1	0	0	10	18
chr21	8399643	8443733	2	2	0	0	1	22
chr21	8399670	8443901	1	1	0	0	1	26
chr21	8399691	8443619	1	1	0	0	1	14
chr21	8399782	8444017	2	2	0	1	2	21
chr21	8399945	8400060	2	4	0	0	1	22
chr21	8399971	8443377	2	2	0	1	0	12
chr21	8400018	8400871	1	1	0	0	1	14
chr21	8400405	8443296	1	3	0	0	1	14
chr21	8400504	8444691	2	4	0	0	1	16
chr21	8400606	8444792	2	2	0	0	5	20
chr21	8400618	8401218	2	2	0	0	1	27
chr21	8400630	8444862	1	1	0	0	1	36
chr21	8400760	8444747	2	2	0	0	1	31
chr21	8400834	8445066	2	2	0	0	1	14
chr21	8400975	8445109	1	1	0	0	1	32
chr21	8400992	8445228	1	1	0	0	1	18
chr21	8401026	8442061	2	2	0	0	1	12
chr21	8401029	8442061	2	2	0	0	1	12
chr21	8401083	8445248	1	1	0	0	1	32
chr21	8401097	8445329	1	1	0	0	3	24
chr21	8401204	8445357	2	2	0	0	1	37
chr21	8401215	8445377	1	1	0	0	2	17
chr21	8401215	8445382	1	1	0	0	1	12
chr21	8401464	8445696	1	1	0	0	6	27
chr21	8401510	8445742	1	1	0	0	4	32
chr21	8401716	8445952	2	2	0	1	0	20
chr21	8401785	8446016	1	1	0	0	3	21
chr21	8401885	8445877	1	1	0	0	1	14
chr21	8401919	8443584	1	1	0	0	1	28
chr21	8406057	8406183	1	1	1	0	1	4
chr21	8435953	8438026	1	1	0	0	2	15
chr21	8435953	8445512	1	1	0	0	1	14
chr21	8435953	8445558	1	1	0	0	1	16
chr21	8437006	8437274	2	2	0	0	2	20
chr21	8437009	8437274	2	2	0	0	3	23
chr21	8437011	8437274	2	2	0	0	5	25
chr21	8437011	8437277	2	2	0	0	1	18
chr21	8437014	8438066	2	2	0	0	2	24
chr21	8437511	8437960	2	2	0	0	2	23
chr21	8437634	8438021	2	2	0	0	1	20
chr21	8437988	8438573	1	5	0	0	1	12
chr21	8438046	8438523	1	1	0	0	2	14
chr21	8441328	8441373	2	2	0	0	2	34
chr21	8441344	8441389	1	1	0	0	17	29
chr21	8441656	8441813	2	2	0	0	2	17
chr21	8441684	8441795	2	2	0	0	1	15
chr21	8442584	8442628	2	4	0	0	1	29
chr21	8444180	8444295	2	4	0	0	1	22
chr21	8444253	8445103	1	1	0	0	1	14
chr21	8444850	8445450	2	2	0	0	1	27
chr21	8450244	8450370	1	1	1	0	1	4
chr21	8988302	8988570	2	2	0	0	2	20
chr21	8988305	8988570	2	2	0	0	3	23
chr21	8988307	8988570	2	2	0	0	5	25
chr21	8988307	8988573	2	2	0	0	1	18
chr21	25976029	25982343	2	2	1	1	0	23
chr21	33539357	33542064	2	2	1	1	0	16
chr21	38891524	39012203	1	1	0	3	0	12
chr21	41436030	41437014	1	1	1	0	1	5
chr21	43056100	43056802	2	2	1	1	0	4
chr21	43575063	43775813	2	2	0	2	2	13
chr21	43741772	43743668	1	1	1	1	1	7
chr21	44809119	44813861	2	2	1	0	1	5
chr22	11630182	11630394	2	2	0	1	0	17
chr22	17739489	17743802	2	2	1	1	0	8
chr22	19178241	19178579	2	2	1	2	0	8
chr22	23140473	23144981	2	2	1	0	4	4
chr22	23475975	23507520	1	1	0	0	2	12
chr22	24095916	24116156	1	1	0	1	0	13
chr22	25763390	25768114	1	1	1	0	1	3
chr22	29658265	29661204	1	1	1	0	1	4
chr22	30873545	30899348	1	1	0	0	1	12
chr22	30873545	31191774	1	1	0	4	5	14
chr22	30890974	30893121	1	1	1	8	12	6
chr22	35007040	35178817	1	1	0	0	3	13
chr22	36436049	36481680	1	1	0	1	0	12
chr22	37623597	37637292	2	2	0	1	0	12
chr22	37623597	37638340	2	2	0	1	0	12
chr22	37623597	37650118	2	2	0	1	0	12
chr22	37850064	37851279	1	1	1	0	2	9
chr22	39312985	39313190	2	2	1	0	1	3
chr22	39315556	39316705	2	2	1	0	1	4
chr22	39520752	39521353	1	1	1	0	1	6
chr22	45164297	45168167	1	1	1	0	1	10
chr22	45248000	45261793	2	2	0	1	0	12
chr22	45541373	45542154	1	1	1	1	0	25
chr22	47372183	47410427	1	1	0	0	1	13
chr22	49798687	49798987	2	2	1	0	1	4
chr22	50785294	50798654	1	1	1	0	1	6
chrX	9769989	9801891	1	1	0	1	0	12
chrX	9808114	9853229	1	1	0	1	0	12
chrX	10745425	10755723	1	1	0	1	0	12
chrX	15326047	15335500	2	2	1	0	2	6
chrX	23682527	23683670	1	1	1	1	0	8
chrX	40647142	40647304	2	2	1	0	1	4
chrX	49246926	49247495	1	1	1	0	1	9
chrX	52700579	52702580	2	2	1	0	2	3
chrX	52755850	52757853	1	1	1	0	2	3
chrX	70376211	70386617	1	1	1	0	1	4
chrX	71537111	71537828	1	3	1	0	1	5
chrX	71611825	71720971	2	2	0	2	1	13
chrX	71714211	71745862	1	1	0	0	1	12
chrX	71735669	71767364	2	2	0	0	1	12
chrX	95265797	95279989	1	1	0	0	1	13
chrX	103376614	103377027	1	1	1	1	0	11
chrX	110201051	110202445	2	2	1	1	0	9
chrX	117945576	118028423	2	2	1	1	13	4
chrX	119790012	119791573	2	2	1	0	1	24
chrX	119896268	119903213	1	1	1	0	2	3
chrX	126819864	126820658	1	1	1	0	1	6
chrX	132063490	132068214	1	1	1	0	1	6
chrX	133577462	133586334	1	1	0	1	0	12
chrX	134814850	134829225	1	1	1	0	1	4
chrX	136246342	136251288	2	2	1	1	0	14
chrX	153808596	153829732	2	2	1	0	1	6
chrX	154368091	154370872	2	2	1	1	0	5
chrX	154371020	154409487	1	3	0	0	1	12
chrX	154398395	154398496	1	1	1	1	0	11
chrX	154399942	154400463	1	1	1	0	1	9
chrX	154435778	154435892	2	2	0	1	0	34
chrY	7606440	7623299	1	1	0	0	1	14
chrY	17769881	17777065	2	2	1	0	2	12
chrY	18128945	18136128	1	1	1	0	2	12
chrY	22707810	22724677	2	2	0	0	1	14
chrM	829	1233	2	2	0	1	0	22
chrM	8850	14553	1	5	0	1	0	24
