chr1	1217689	1218457	2	2	1	1	0	6
chr1	1524398	1525239	1	1	1	1	0	4
chr1	1525292	1526460	1	1	1	1	0	8
chr1	2410452	2412390	2	2	1	1	0	11
chr1	3632339	3633397	2	2	1	0	1	5
chr1	5491051	5491143	2	2	1	0	1	3
chr1	6072799	6073732	1	1	1	1	0	4
chr1	10649193	10649282	2	2	1	0	1	3
chr1	11800323	11801160	2	2	1	0	2	7
chr1	16648402	16648431	1	1	1	1	0	5
chr1	19159724	19162946	1	1	0	1	0	12
chr1	21855676	21855786	2	2	1	1	0	12
chr1	21855913	21857014	2	2	1	1	0	14
chr1	21880255	21880362	2	2	1	1	0	13
chr1	23694792	23695797	1	1	1	2	0	17
chr1	23827886	23837067	1	1	0	1	0	12
chr1	25801161	25802015	1	1	1	0	2	4
chr1	25801161	25805141	1	1	1	0	2	4
chr1	26795215	26797562	1	1	1	0	1	5
chr1	31732613	31732971	2	2	1	1	0	9
chr1	35808436	35816881	1	1	1	1	0	5
chr1	39300363	39309569	1	1	1	0	1	6
chr1	40984992	40987371	1	1	1	1	0	20
chr1	42817254	42824547	1	1	1	0	1	5
chr1	43960538	43992319	1	1	0	1	0	12
chr1	44759349	44760279	1	1	1	0	1	4
chr1	44776775	44777613	1	1	1	1	0	1
chr1	45519055	45522777	2	2	1	1	0	7
chr1	45613249	45614095	1	1	1	1	0	3
chr1	46810950	46812176	1	1	1	0	1	4
chr1	53835621	53838204	2	2	1	1	0	10
chr1	54228827	54239128	2	2	1	0	1	3
chr1	54854235	54865302	2	2	1	1	0	5
chr1	56751204	56767828	2	2	1	0	3	6
chr1	63367688	63370770	1	1	1	0	1	6
chr1	78119500	78125880	1	1	1	0	1	4
chr1	89384287	89385229	1	1	1	0	2	4
chr1	92840640	92841765	1	1	1	0	1	11
chr1	94189353	94189925	2	2	1	1	0	10
chr1	108600687	108606222	1	1	1	1	0	11
chr1	108628805	108629587	1	1	1	1	0	7
chr1	111448805	111449054	2	2	1	0	1	3
chr1	143699484	143729438	2	2	0	0	1	27
chr1	144551857	144560741	1	1	0	0	2	15
chr1	150263420	150263661	1	1	1	0	2	6
chr1	150435953	150456323	1	1	0	1	0	14
chr1	153543924	153544653	2	2	1	1	0	4
chr1	153544810	153545752	2	2	1	1	0	5
chr1	153991035	153991114	1	1	1	3	0	26
chr1	154963932	154965542	2	2	1	0	1	3
chr1	155056250	155056385	1	1	1	1	0	4
chr1	156592210	156592364	1	1	1	0	1	3
chr1	160296150	160297342	2	2	1	1	0	7
chr1	162590512	162592731	1	1	1	2	0	7
chr1	169419160	169421362	2	2	1	0	1	8
chr1	174999690	175000088	1	1	1	0	1	3
chr1	200666752	200669766	2	2	1	0	1	5
chr1	201294046	201313165	1	1	1	1	3	4
chr1	202966899	202967190	2	2	1	1	0	5
chr1	203831772	203833790	1	1	1	0	1	7
chr1	206731920	206732574	1	1	1	1	0	17
chr1	227030471	227031297	2	2	1	0	1	3
chr1	228628183	228630431	1	1	0	0	2	36
chr1	228628183	228630441	1	1	0	0	1	27
chr1	228628183	228632672	1	1	0	0	2	36
chr1	228628183	228632682	1	1	0	0	1	27
chr1	228628183	228634912	1	1	0	0	2	36
chr1	228628183	228634922	1	1	0	0	1	27
chr1	228628183	228637137	1	1	0	0	2	36
chr1	228628183	228637147	1	1	0	0	1	27
chr1	228628183	228639378	1	1	0	0	2	36
chr1	228628183	228639388	1	1	0	0	1	27
chr1	228628183	228641609	1	1	0	0	2	36
chr1	228628183	228641619	1	1	0	0	1	27
chr1	228628183	228643850	1	1	0	0	2	36
chr1	228628183	228643860	1	1	0	0	1	27
chr1	228628183	228646081	1	1	0	0	2	36
chr1	228628183	228646091	1	1	0	0	1	27
chr1	228628189	228630431	1	1	0	0	2	39
chr1	228628189	228630441	1	1	0	0	1	28
chr1	228628189	228632672	1	1	0	0	2	39
chr1	228628189	228632682	1	1	0	0	1	28
chr1	228628189	228634912	1	1	0	0	2	39
chr1	228628189	228634922	1	1	0	0	1	28
chr1	228628189	228637137	1	1	0	0	2	39
chr1	228628189	228637147	1	1	0	0	1	28
chr1	228628189	228639378	1	1	0	0	2	39
chr1	228628189	228639388	1	1	0	0	1	28
chr1	228628189	228641609	1	1	0	0	2	39
chr1	228628189	228641619	1	1	0	0	1	28
chr1	228628189	228643850	1	1	0	0	2	39
chr1	228628189	228643860	1	1	0	0	1	28
chr1	228628189	228646081	1	1	0	0	1	38
chr1	228628189	228646091	1	1	0	0	1	28
chr1	229626357	229627620	1	1	1	1	0	8
chr1	230265368	230274444	1	1	1	1	0	18
chr1	235113911	235119817	2	2	1	0	1	8
chr1	235367553	235380018	1	1	1	0	2	3
chr1	244862731	244863616	2	2	1	1	0	3
chr1	247330082	247331431	2	2	1	1	0	3
chr2	1673813	1676926	2	2	1	1	0	17
chr2	10123853	10124716	1	1	1	0	1	3
chr2	11564443	11584816	1	3	0	0	1	18
chr2	15556820	15558579	2	2	1	0	3	5
chr2	19346749	19347987	2	2	1	0	2	4
chr2	20202936	20203086	2	2	1	1	0	12
chr2	32916346	32916402	1	1	0	0	2	13
chr2	32916346	32916442	1	1	0	0	2	13
chr2	32916346	32916474	1	1	0	1	4	41
chr2	32916346	32916487	1	1	0	14	5	42
chr2	32916346	32916558	1	1	0	0	2	13
chr2	32916346	32916599	1	1	0	0	2	13
chr2	37120140	37122505	2	2	1	0	1	4
chr2	42295260	42295380	1	1	1	1	0	13
chr2	42966086	43011119	2	2	0	1	5	13
chr2	45874915	45923164	1	1	0	1	0	12
chr2	55233418	55234118	1	3	1	0	1	7
chr2	55683835	55684942	2	2	1	0	3	4
chr2	59302164	59322180	1	1	0	0	2	13
chr2	60578536	60616475	1	1	0	1	0	14
chr2	69075659	69077407	1	1	1	1	0	12
chr2	69895215	69896435	1	1	1	0	1	8
chr2	71331876	71348752	1	1	1	2	0	9
chr2	74457539	74459642	1	1	1	0	1	3
chr2	74654522	74657564	1	1	1	0	1	3
chr2	85602065	85602606	2	2	1	0	1	5
chr2	87049804	87052813	2	2	1	0	2	18
chr2	87141006	87144018	1	1	1	0	2	18
chr2	87716791	87719806	1	1	1	0	2	18
chr2	96595632	96601642	2	2	1	1	0	3
chr2	96840096	96840231	2	2	1	0	1	6
chr2	101790777	101823927	1	1	1	1	0	13
chr2	111821454	111822421	2	2	1	0	2	18
chr2	129990059	129990360	2	2	0	0	1	14
chr2	131355770	131356080	1	1	0	0	1	14
chr2	142986022	142988844	1	1	1	0	15	6
chr2	147975976	148020607	2	2	1	0	2	7
chr2	159712662	159715680	1	1	1	0	1	3
chr2	170771428	170775652	1	1	1	0	1	4
chr2	172555581	172556088	2	2	1	0	1	5
chr2	178825496	178830664	2	2	1	0	1	7
chr2	181892278	181892614	1	1	1	1	0	5
chr2	188991532	188991668	1	1	1	1	0	3
chr2	188991723	188992183	1	1	1	1	0	11
chr2	189007608	189007884	1	1	1	1	0	19
chr2	189782603	189784268	2	2	1	2	0	3
chr2	197494753	197495293	2	2	1	0	1	3
chr2	200811991	200813207	1	1	1	1	0	7
chr2	201407598	201420416	2	2	1	2	0	14
chr2	210588148	210590105	1	1	1	1	0	4
chr2	216679215	216694438	2	2	1	0	1	6
chr2	218217255	218217462	1	1	1	1	0	9
chr2	218979381	218989865	1	3	1	0	1	6
chr2	219040565	219041487	2	2	1	0	1	4
chr2	219146739	219147656	2	2	1	0	2	4
chr2	231455268	231455400	2	2	1	1	0	22
chr2	231711984	231712442	1	1	1	1	0	24
chr2	237360160	237361120	2	2	1	0	6	5
chr2	238239748	238239824	2	2	1	0	1	5
chr2	240436085	240459029	1	1	1	0	1	6
chr2	241266907	241268476	2	2	1	1	0	9
chr3	37243623	37251394	1	1	1	2	0	20
chr3	38530805	38551502	2	2	0	1	0	12
chr3	39411778	39411895	1	1	1	3	0	22
chr3	40461507	40461607	1	1	1	0	1	5
chr3	48300635	48301352	2	2	1	0	1	3
chr3	48918999	48922747	1	1	1	1	0	4
chr3	49025270	49026323	2	2	1	1	0	7
chr3	50185532	50185665	1	1	1	1	0	3
chr3	50292541	50292587	2	2	1	1	0	4
chr3	52194345	52194471	0	0	1	0	1	4
chr3	52409744	52409841	2	2	1	1	0	18
chr3	52527376	52527616	2	2	1	0	1	10
chr3	52603733	52609312	2	2	1	1	0	12
chr3	52810362	52858022	2	2	0	1	1	12
chr3	53225056	53225536	1	1	0	1	0	19
chr3	53225932	53226755	2	2	1	1	0	4
chr3	53226879	53228055	2	2	1	1	0	5
chr3	53235175	53240250	2	2	1	1	0	8
chr3	58130909	58131926	1	1	1	0	1	6
chr3	96617874	96617924	2	2	0	0	1	17
chr3	97945888	97947360	2	2	1	1	0	5
chr3	99638665	99744896	1	1	1	1	0	11
chr3	100369136	100372605	2	2	1	1	0	8
chr3	101574280	101579789	1	1	1	1	0	3
chr3	114380405	114380776	2	2	1	1	0	5
chr3	121835392	121836188	1	1	1	6	9	4
chr3	128341890	128358216	1	1	1	0	1	5
chr3	131542447	131553882	1	1	0	1	0	12
chr3	158583213	158627648	2	2	0	1	0	14
chr3	179745218	179752284	1	1	1	2	0	17
chr3	184180985	184181084	1	1	1	1	0	3
chr3	185527586	185533570	2	2	1	0	1	6
chr3	185926735	185937824	2	2	1	1	0	27
chr3	186554752	186554897	2	2	1	0	4	6
chr3	194623696	194625896	2	2	1	0	2	5
chr3	197950979	197951158	1	1	1	0	1	11
chr4	10454989	10457316	2	2	1	0	1	7
chr4	39465969	39483271	1	1	0	0	1	21
chr4	70156073	70158572	1	1	1	0	1	4
chr4	76146130	76148307	2	2	1	1	0	3
chr4	82373778	82374118	2	2	1	0	2	4
chr4	99082117	99085114	2	2	1	0	2	9
chr4	105967445	105968894	1	1	1	0	1	4
chr4	151099715	151100484	1	1	1	0	1	6
chr4	151259632	151261111	0	0	1	0	1	6
chr4	156158421	156198844	1	1	0	1	0	12
chr5	10239357	10249857	2	2	1	1	0	17
chr5	14461312	14462754	1	1	1	1	0	10
chr5	17354011	17354133	1	1	1	0	1	6
chr5	24537675	24593259	2	2	1	0	1	7
chr5	33440792	33441045	1	3	1	0	1	4
chr5	37048676	37049110	1	1	1	1	0	10
chr5	56900416	56910175	2	2	1	0	2	5
chr5	79761958	79763061	1	1	1	0	1	4
chr5	80651243	80651526	1	3	0	0	1	22
chr5	82276256	82276397	2	2	1	1	0	1
chr5	88691085	88695601	2	2	0	0	1	12
chr5	96433057	96434065	2	2	1	1	0	5
chr5	113553687	113553766	1	1	1	0	1	3
chr5	124771293	124815290	1	1	0	0	1	12
chr5	133225820	133233416	2	2	1	2	0	7
chr5	136132963	136147831	1	1	1	1	0	13
chr5	139561816	139600371	1	1	1	0	1	3
chr5	139562408	139600371	1	1	1	0	1	3
chr5	140641781	140642490	1	1	1	0	1	5
chr5	140711299	140726182	2	2	0	0	2	13
chr5	140718949	140726182	2	2	0	0	2	13
chr5	148214026	148214904	1	1	1	3	0	11
chr5	149960980	149977627	1	1	1	1	0	10
chr5	150447736	150449702	2	2	1	2	1	24
chr5	167478450	167509106	2	2	0	1	0	13
chr5	172771384	172798689	1	1	0	1	0	13
chr5	175114788	175147593	2	2	0	0	1	16
chr5	176589617	176590077	1	1	1	0	1	4
chr5	177594286	177595266	1	1	1	2	0	29
chr5	177601504	177604178	1	1	1	0	1	4
chr5	179716295	179719667	1	1	1	1	0	10
chr5	181097519	181174101	2	4	0	4	0	24
chr5	181241640	181242169	2	2	1	1	0	6
chr6	5241620	5281744	1	1	0	1	0	13
chr6	6630572	6637404	2	2	0	1	0	13
chr6	11831668	11880062	1	1	0	0	1	13
chr6	13328899	13329724	1	1	1	1	0	8
chr6	25992919	25997902	1	1	1	0	1	6
chr6	27602615	27605707	1	3	0	1	0	13
chr6	27602661	27605731	2	2	0	1	3	16
chr6	30340621	30341711	1	1	1	0	2	5
chr6	30552662	30553083	2	2	1	1	0	13
chr6	30671275	30672634	2	2	1	0	1	3
chr6	30671275	30672955	2	2	1	0	1	3
chr6	31666209	31666820	1	1	1	1	0	19
chr6	31707788	31707870	1	1	1	0	1	5
chr6	31871398	31871473	2	2	1	0	1	5
chr6	33275884	33275964	1	1	1	0	2	15
chr6	33417311	33417480	2	2	1	1	0	14
chr6	41524226	41548377	2	2	1	0	1	3
chr6	41787826	41789231	1	1	1	0	1	4
chr6	43512316	43512439	2	2	1	1	0	11
chr6	44247196	44248629	1	1	1	0	1	3
chr6	45903314	45918203	1	1	0	1	0	13
chr6	63578530	63578897	1	1	1	1	0	9
chr6	70282919	70283736	2	2	1	1	0	6
chr6	73492353	73500573	1	1	1	0	2	6
chr6	73519229	73519336	2	2	1	2	1	15
chr6	73519517	73519882	2	2	1	1	1	39
chr6	87322675	87322865	2	2	1	0	1	5
chr6	132814783	132814971	1	1	1	1	1	18
chr6	135492292	135495538	2	2	1	0	1	6
chr6	135498518	135642192	1	1	1	0	1	4
chr6	139373953	139374412	2	2	1	1	0	10
chr6	151452252	151471516	2	2	0	1	0	12
chr6	158842140	158857253	2	2	1	0	1	5
chr6	167412942	167442476	2	2	0	1	0	12
chr6	170583189	170583504	2	2	1	0	3	3
chr7	2649640	2649912	1	1	1	1	0	14
chr7	4682869	4740837	1	1	1	0	1	7
chr7	5528186	5528280	2	2	1	0	1	15
chr7	5528720	5529160	2	2	1	0	1	3
chr7	5529401	5529534	2	2	1	1	0	21
chr7	6482590	6483966	2	2	1	0	1	6
chr7	12876771	12917207	2	2	0	0	1	14
chr7	23273615	23274064	1	1	1	2	0	5
chr7	26197462	26197621	2	2	1	0	1	3
chr7	26197867	26200571	2	2	1	1	0	5
chr7	37524383	37529762	2	4	0	1	0	12
chr7	43869377	43869456	2	2	1	1	0	12
chr7	46531404	46558618	1	1	0	1	0	12
chr7	50093731	50093814	1	1	1	0	2	8
chr7	55521131	55572270	2	2	1	0	2	17
chr7	73538014	73539881	2	2	1	2	0	21
chr7	74700431	74700605	1	1	1	1	0	5
chr7	76303077	76303415	1	1	1	0	1	3
chr7	81964360	81965593	2	2	1	1	0	8
chr7	92447638	92448312	1	3	0	1	0	12
chr7	95108770	95108866	2	2	1	1	16	4
chr7	98203707	98203943	1	1	1	1	0	7
chr7	100817358	100822270	2	2	1	0	1	5
chr7	103490830	103491952	2	2	1	0	2	6
chr7	107186473	107186568	1	1	1	1	0	4
chr7	108002972	108003110	2	2	1	1	0	23
chr7	108043897	108044243	2	2	1	0	1	7
chr7	128400183	128400332	2	2	1	1	0	6
chr7	128403755	128405766	2	2	1	0	1	4
chr7	131506036	131506259	2	2	1	2	0	8
chr7	139659881	139701925	2	2	0	1	0	12
chr7	141742230	141743560	1	1	1	1	0	7
chr7	148963345	148963378	2	2	0	2	0	28
chr7	149791707	149791816	1	1	1	0	1	6
chr7	151120146	151120519	1	1	1	0	1	6
chr8	11677064	11700510	1	1	1	0	1	6
chr8	11844242	11845081	2	2	1	0	1	3
chr8	22102316	22102527	1	1	1	0	1	7
chr8	23404494	23416019	2	2	0	0	1	14
chr8	27605336	27606353	2	2	1	1	0	24
chr8	28731351	28737518	1	1	1	0	1	4
chr8	29075592	29092503	2	2	0	0	1	12
chr8	47774378	47776843	2	2	1	1	0	5
chr8	73292406	73292688	2	2	1	0	1	11
chr8	93917080	93917910	1	1	1	2	0	14
chr8	95052231	95057808	1	1	1	0	1	7
chr8	100948901	100952849	2	2	1	1	0	10
chr8	108235098	108236160	2	2	1	0	1	5
chr8	116646604	116648805	2	2	1	1	0	10
chr8	120432124	120443184	2	2	1	1	0	2
chr8	123430034	123436452	1	1	1	0	1	7
chr8	127736624	127738247	1	1	1	3	0	11
chr8	144289305	144291271	2	2	1	1	0	9
chr8	144829605	144837393	1	1	1	0	1	3
chr9	6704367	6704452	1	1	1	0	1	5
chr9	19376389	19376493	2	2	1	1	0	24
chr9	19378919	19379486	2	2	1	1	0	4
chr9	28670281	28947817	2	2	1	0	1	4
chr9	35091534	35092526	2	2	1	0	1	7
chr9	35101561	35101709	2	2	1	2	0	12
chr9	35657807	35657990	1	1	0	1	0	25
chr9	35657976	35658002	1	1	0	1	0	18
chr9	35706367	35706449	2	2	1	1	0	14
chr9	35749409	35749736	1	1	1	0	1	3
chr9	41653179	41654282	2	4	1	0	2	4
chr9	73169155	73170050	1	1	1	1	0	15
chr9	76068044	76071725	1	1	1	0	1	3
chr9	76854209	76868935	2	2	1	0	1	4
chr9	89318613	89319692	1	1	0	1	0	26
chr9	90922285	90922378	1	1	1	1	0	5
chr9	95970657	95971543	1	1	1	1	0	4
chr9	106797779	106840324	2	2	0	1	0	12
chr9	110251463	110256411	2	2	1	1	0	27
chr9	110476316	110479634	2	2	1	1	0	5
chr9	114611565	114617117	1	1	1	0	1	6
chr9	121353303	121354600	2	2	1	1	0	4
chr9	121774413	121776197	1	1	1	0	3	5
chr9	122940936	122941138	2	2	1	0	1	3
chr9	124861556	124861909	2	2	1	1	1	4
chr9	131478620	131479251	1	1	1	1	0	6
chr9	132400259	132401454	2	2	1	0	1	6
chr9	133348247	133348921	1	1	1	0	1	16
chr9	134738516	134738745	1	1	1	2	0	10
chr9	134812713	134813982	1	1	1	1	0	13
chr9	134814037	134814796	1	1	1	2	0	7
chr9	134822151	134822997	1	1	1	1	0	13
chr9	135088140	135090194	1	1	1	1	0	6
chr9	136337073	136337440	1	1	1	0	1	7
chr9	136395771	136396976	2	2	1	0	1	4
chr10	13710655	13711921	1	1	1	0	1	3
chr10	24596044	24596739	2	2	1	0	1	3
chr10	27123700	27126695	2	2	1	1	0	5
chr10	34880748	34906718	2	2	0	1	0	12
chr10	51863648	51909508	2	2	0	1	0	12
chr10	68721407	68722454	1	1	1	0	1	6
chr10	68901472	68906710	1	1	1	1	0	3
chr10	72017757	72020455	1	1	0	1	0	12
chr10	73791500	73791858	1	1	1	0	1	8
chr10	78040226	78040614	1	1	1	2	0	17
chr10	80733633	80770773	1	1	0	1	0	12
chr10	99877337	99879810	2	2	1	1	0	4
chr10	100381449	100388033	1	1	1	1	0	7
chr10	100983818	100984033	2	2	1	0	1	6
chr10	101782925	101783272	2	2	1	1	0	5
chr10	102214015	102258553	2	2	0	0	1	15
chr10	117241221	117241678	1	1	1	0	1	3
chr10	125785261	125794879	2	2	1	0	2	8
chr10	127644373	127652084	2	2	0	1	0	12
chr10	129089807	129094125	1	1	0	0	1	13
chr10	132974856	132975231	1	1	1	0	1	3
chr10	133533898	133537062	1	1	1	0	1	3
chr11	209319	209478	1	1	1	0	3	6
chr11	810040	810233	1	1	1	1	0	3
chr11	2979238	2992253	2	2	1	1	0	8
chr11	5520912	5521620	2	2	1	2	1	5
chr11	8100998	8101485	1	1	1	1	0	6
chr11	8683266	8684005	1	1	1	1	0	13
chr11	8911355	8911614	1	1	1	0	1	3
chr11	10509384	10509667	1	3	0	0	1	22
chr11	11120536	11167822	1	1	1	0	1	3
chr11	16748158	16752784	1	1	1	0	1	3
chr11	17428406	17428564	2	2	1	0	1	5
chr11	30323203	30330885	1	1	1	1	0	7
chr11	44941078	44950676	2	2	1	0	1	4
chr11	60523954	60525206	1	1	1	1	3	5
chr11	61865278	61865637	1	1	1	1	0	5
chr11	61965113	61965368	2	2	1	1	0	3
chr11	62639732	62646561	2	2	1	2	0	8
chr11	62855467	62855864	2	2	1	2	0	16
chr11	63999561	63999641	2	2	1	1	0	12
chr11	64241133	64242383	1	1	1	1	0	4
chr11	64243877	64243967	1	1	1	1	0	5
chr11	64319869	64320864	1	1	1	1	0	11
chr11	64810133	64810267	2	2	1	0	1	4
chr11	65860889	65860972	1	1	1	0	1	3
chr11	67991858	67993675	2	2	1	0	1	6
chr11	67998453	67999172	2	2	1	0	1	7
chr11	68900606	68903722	2	2	1	1	0	4
chr11	69671820	69675189	2	2	1	0	1	5
chr11	70414653	70415662	1	1	1	1	0	5
chr11	71605468	71607291	1	1	1	0	1	6
chr11	72111497	72112649	2	2	1	0	1	6
chr11	73951138	73958316	1	1	1	0	1	5
chr11	75400825	75401639	1	1	1	0	1	5
chr11	114156435	114186951	1	1	1	0	1	6
chr11	115758253	115760029	2	2	1	0	1	4
chr11	119315264	119317034	2	2	1	1	0	9
chr11	121045824	121047527	1	1	1	0	1	4
chr11	123060269	123060592	2	2	1	0	2	12
chr11	124636533	124637280	1	1	0	0	6	12
chr11	130142075	130143346	1	1	1	1	0	6
chr12	77713	99145	1	1	1	1	0	4
chr12	6534862	6536493	1	1	1	0	2	8
chr12	6536791	6536919	1	1	1	0	1	9
chr12	6537011	6537100	1	1	1	0	1	3
chr12	6537217	6537308	1	1	1	0	1	8
chr12	6770219	6770391	1	1	1	1	0	3
chr12	27317454	27317895	1	1	1	0	1	6
chr12	29758778	29767897	2	2	1	1	0	1
chr12	39626360	39640954	1	1	1	0	1	4
chr12	43795756	43796975	2	2	1	0	1	6
chr12	49128939	49129241	2	2	1	0	1	6
chr12	49269977	49272252	1	1	1	0	1	6
chr12	53060760	53060848	1	3	1	0	4	7
chr12	55725897	55726120	2	2	1	1	0	6
chr12	56160149	56160242	1	1	1	2	0	5
chr12	56589019	56589139	1	1	1	0	1	4
chr12	57748618	57749181	2	2	1	2	0	11
chr12	69936633	69952112	1	1	1	0	1	3
chr12	70278275	70294070	1	1	1	0	1	6
chr12	76056162	76059797	2	2	1	1	0	22
chr12	85153146	85153662	1	1	1	0	3	7
chr12	94994258	95002738	2	2	1	1	0	9
chr12	103930565	103931520	1	1	1	1	0	20
chr12	104125296	104172767	1	1	0	1	0	12
chr12	106106526	106138413	2	2	1	0	1	3
chr12	108536718	108635470	2	2	0	2	0	12
chr12	109168035	109171804	1	1	1	0	3	3
chr12	110468602	110468856	2	2	1	0	2	3
chr12	112239237	112239880	2	2	1	0	1	4
chr12	120131334	120131925	2	2	1	0	2	4
chr12	120156605	120156911	2	2	1	1	0	3
chr12	122579978	122580602	1	1	1	1	0	6
chr12	123267283	123271563	2	2	1	1	0	8
chr12	123311462	123324896	2	2	0	0	1	18
chr12	123590450	123596604	1	1	1	1	0	7
chr12	124913268	124913495	2	2	1	0	1	7
chr12	129081523	129100395	2	2	0	1	0	12
chr12	130872127	130872583	1	1	1	1	0	31
chr12	132570541	132571306	1	1	1	1	0	9
chr13	35117494	35118227	1	1	1	0	1	6
chr13	39719828	39723332	1	1	1	0	1	6
chr13	50673022	50698157	2	2	0	1	0	12
chr13	51768297	51769155	2	2	1	1	1	7
chr13	64895584	64903713	1	1	0	1	0	12
chr13	98191224	98203989	2	2	0	1	0	13
chr13	98409526	98410733	1	1	1	1	0	7
chr14	20610156	20625406	1	3	0	0	1	24
chr14	24188639	24188718	2	2	1	0	1	6
chr14	24237563	24238245	1	1	1	1	0	28
chr14	49472756	49586655	1	1	0	0	3	15
chr14	49586050	49586284	2	2	1	1	0	11
chr14	49586686	49586835	1	1	0	1	0	24
chr14	49853821	49862756	1	3	0	0	1	14
chr14	49853839	49862774	2	2	0	0	27	36
chr14	49853839	49883616	2	2	0	0	2	14
chr14	49862618	49862741	2	2	0	0	1	24
chr14	49862774	49883616	2	2	0	0	2	14
chr14	49862813	49867097	1	1	0	0	2	12
chr14	55653597	55656041	1	1	1	1	0	17
chr14	57562915	57574962	1	3	0	0	1	14
chr14	73898263	73904901	1	1	1	0	1	4
chr14	103873462	103873877	1	1	1	1	5	7
chr14	104138765	104139042	1	1	1	1	0	19
chr15	29701690	29704161	2	2	1	0	2	6
chr15	29773358	29800645	2	2	1	0	1	3
chr15	34406871	34407523	2	2	1	0	1	7
chr15	34553092	34553744	2	2	1	0	1	7
chr15	42439814	42442072	2	2	1	0	2	8
chr15	42856843	42898335	2	2	0	0	1	13
chr15	44633638	44648865	2	2	1	0	2	4
chr15	48430803	48432865	2	2	1	1	0	9
chr15	55385715	55389364	2	2	1	0	1	3
chr15	56373505	56383951	1	1	1	1	16	8
chr15	64160198	64162040	2	2	1	1	0	7
chr15	65065274	65076528	2	2	1	0	1	4
chr15	65185701	65194580	1	1	0	1	0	12
chr15	65296095	65304721	2	2	0	0	2	19
chr15	65296121	65304747	2	2	0	1	4	27
chr15	66528223	66531579	1	1	0	0	1	17
chr15	68320393	68321417	2	2	1	2	0	5
chr15	69453021	69453646	1	1	1	0	1	4
chr15	69455288	69455427	1	1	1	0	1	10
chr15	69565528	69569971	1	1	1	0	1	3
chr15	72199757	72200473	2	2	1	1	0	3
chr15	73272607	73274769	2	2	0	0	1	12
chr15	89799316	89799425	2	2	1	0	5	6
chr15	90875918	90876254	1	1	1	1	0	13
chr15	101325047	101326376	2	2	1	2	0	24
chr16	670358	670455	1	1	1	1	0	6
chr16	2237650	2237766	1	1	1	0	1	5
chr16	3144832	3145667	1	1	1	0	1	6
chr16	4371994	4380868	1	1	1	2	0	4
chr16	4714187	4724749	2	2	1	1	0	8
chr16	5073029	5073152	1	1	1	2	0	17
chr16	5613507	5616125	2	2	1	0	1	6
chr16	11003258	11020192	1	1	1	0	1	6
chr16	11349084	11349167	2	2	1	1	0	8
chr16	11575587	11586885	2	2	1	0	1	3
chr16	19872847	19884726	2	2	1	1	0	3
chr16	21458050	21458520	2	2	1	0	1	4
chr16	22480383	22480853	1	1	1	0	1	4
chr16	23755734	23755846	1	1	1	0	1	6
chr16	28835188	28835277	1	1	1	1	0	3
chr16	31184003	31184208	1	1	1	1	0	11
chr16	34160677	34160892	2	6	0	0	2	22
chr16	47450454	47451395	2	2	1	0	1	3
chr16	57699034	57700144	1	3	1	0	1	3
chr16	67539900	67540052	1	1	1	0	1	5
chr16	69370630	69372268	2	2	1	1	0	7
chr16	70778267	70779095	2	2	0	0	1	21
chr16	84176300	84177513	1	1	1	0	1	5
chr16	88737647	88737727	2	2	1	1	0	24
chr16	89524248	89529134	1	1	1	0	1	7
chr16	89933368	89933467	1	1	1	0	1	6
chr17	7575259	7576523	1	1	1	0	1	14
chr17	7576693	7577055	1	1	1	3	0	8
chr17	7908830	7909142	1	1	1	1	0	13
chr17	8146138	8146371	2	2	1	1	0	7
chr17	8147579	8147673	2	2	1	0	1	4
chr17	15259194	15260649	2	2	1	3	0	12
chr17	15636270	15642720	2	2	1	1	0	3
chr17	16382131	16382358	1	1	1	0	1	11
chr17	19062055	19188159	2	2	0	0	8	37
chr17	19062118	19188105	1	1	0	0	5	27
chr17	19062124	19188109	1	1	0	4	0	33
chr17	19062127	19188081	1	1	0	3	0	25
chr17	19062134	19188091	2	2	0	2	2	43
chr17	19063949	19112449	2	2	0	0	1	29
chr17	19063993	19112493	1	1	0	0	8	37
chr17	19063993	19190102	1	1	0	0	3	14
chr17	19064047	19112421	2	2	0	0	2	36
chr17	19064047	19112430	2	2	0	0	5	27
chr17	19064047	19190039	2	2	0	0	5	27
chr17	19064049	19112421	2	2	0	0	4	33
chr17	19064049	19190030	2	2	0	0	4	33
chr17	19064051	19112430	2	2	0	0	2	27
chr17	19064071	19112424	2	2	0	0	2	30
chr17	19064079	19112428	1	1	0	0	1	19
chr17	19112493	19190102	1	1	0	0	3	14
chr17	19112547	19190030	2	2	0	0	2	36
chr17	19112547	19190039	2	2	0	0	5	27
chr17	19112549	19190030	2	2	0	0	4	33
chr17	19112551	19190039	2	2	0	0	2	27
chr17	19112571	19190033	2	2	0	0	2	30
chr17	19542495	19546434	1	1	1	2	0	12
chr17	28639643	28639900	2	2	1	1	0	16
chr17	28722900	28723570	1	1	1	1	0	21
chr17	29115442	29115663	2	2	1	2	0	36
chr17	38543970	38547758	2	2	1	1	0	6
chr17	38861741	38869349	2	2	0	1	1	14
chr17	39153791	39154548	2	2	0	0	1	14
chr17	39202440	39202988	1	1	1	0	1	6
chr17	39628707	39629169	1	1	1	0	2	3
chr17	39674974	39701384	2	2	0	0	1	12
chr17	43904494	43907128	2	2	1	0	1	5
chr17	44066734	44067442	2	2	1	0	1	7
chr17	44216705	44218171	2	2	1	1	0	10
chr17	45445664	45450617	2	2	1	0	1	4
chr17	49406855	49409041	2	2	1	0	1	24
chr17	51259207	51259834	2	2	1	0	1	5
chr17	60083767	60085112	2	2	1	3	0	9
chr17	60157789	60157988	1	1	1	0	2	5
chr17	60709326	60720159	1	1	1	0	1	4
chr17	62681130	62681836	1	1	1	1	0	10
chr17	63826699	63826835	2	2	1	0	1	7
chr17	64792543	64797263	2	2	1	0	1	4
chr17	68130323	68134098	0	0	1	1	1	4
chr17	77141055	77142645	1	1	1	0	1	6
chr17	78216067	78216663	1	1	1	0	2	8
chr17	78427109	78428524	2	4	1	0	1	4
chr17	78503760	78512742	1	1	0	1	0	29
chr17	80135507	80136003	2	2	1	0	1	3
chr17	81511109	81511187	2	2	1	1	0	12
chr17	81914703	81915439	2	2	1	3	0	25
chr17	82229107	82235982	1	1	1	0	1	3
chr18	260760	264025	2	2	1	0	1	8
chr18	31521244	31522082	1	1	1	1	0	5
chr18	35267680	35290083	2	2	1	1	2	4
chr18	46951393	46952584	1	1	1	1	0	9
chr18	49491585	49492257	2	2	1	0	1	5
chr18	49491585	49492457	2	2	1	0	1	5
chr18	56638506	56647448	2	2	1	1	17	6
chr18	58335538	58341037	1	1	1	0	1	5
chr18	59355535	59377001	1	1	0	1	1	12
chr18	78072914	78078356	1	1	0	1	0	12
chr19	582583	582749	1	1	1	2	0	8
chr19	1011613	1011740	2	2	1	0	1	4
chr19	1104128	1105185	1	1	1	2	0	13
chr19	3976748	3977214	2	2	1	1	0	10
chr19	3980980	3981338	2	2	1	1	0	4
chr19	4323437	4323532	1	1	1	0	1	4
chr19	4941629	4941744	1	1	1	1	1	7
chr19	6381851	6383310	2	2	1	1	0	11
chr19	7629861	7630623	1	1	1	0	1	4
chr19	7645307	7645759	1	1	1	1	0	3
chr19	9531068	9532844	2	2	1	1	0	11
chr19	10118957	10119066	2	2	1	0	1	6
chr19	10118957	10119087	2	2	1	0	1	6
chr19	12679720	12679800	2	2	1	1	0	16
chr19	12826872	12828656	2	2	1	1	0	5
chr19	13118455	13135199	1	1	1	1	0	11
chr19	13764721	13764870	1	1	1	0	1	10
chr19	13928189	13929378	1	1	1	1	0	4
chr19	16121811	16125469	1	1	1	1	0	4
chr19	17339027	17339122	1	1	1	0	1	3
chr19	17404190	17404370	2	2	1	2	0	7
chr19	17580906	17581176	1	1	1	1	0	17
chr19	18584136	18586203	2	2	0	1	0	13
chr19	19527771	19528006	1	1	1	1	0	9
chr19	34363384	34364809	1	1	1	1	0	3
chr19	35505987	35510183	2	2	1	0	4	6
chr19	35547241	35547323	1	1	1	1	0	3
chr19	35634020	35634255	1	1	1	0	1	5
chr19	35745701	35745834	1	1	1	1	0	3
chr19	36114067	36114176	2	2	1	0	1	4
chr19	39435709	39435847	2	2	1	1	0	3
chr19	39834814	39836555	2	2	1	2	0	7
chr19	40843978	40844630	2	2	1	0	1	7
chr19	40875875	40876526	2	2	1	0	1	7
chr19	41095101	41095759	1	1	1	0	1	7
chr19	41861213	41869030	1	1	1	1	0	10
chr19	42199830	42209699	2	2	1	0	1	5
chr19	42333769	42334006	1	1	1	0	1	7
chr19	43667692	43670065	2	2	1	2	0	24
chr19	44905924	44906601	1	1	1	0	1	4
chr19	45369148	45370535	2	2	1	0	3	3
chr19	45396437	45396544	2	2	1	0	1	6
chr19	45396647	45440249	1	1	0	0	1	12
chr19	45485790	45486054	2	2	1	0	1	6
chr19	45768113	45768714	2	2	1	0	1	5
chr19	47036130	47039076	1	1	1	0	2	6
chr19	47503503	47514842	2	2	1	2	0	6
chr19	48965917	48966280	1	1	1	0	1	3
chr19	49487645	49489849	1	1	1	0	1	3
chr19	54102889	54103113	1	1	1	1	0	6
chr19	55085974	55086060	1	1	1	0	1	3
chr19	55385966	55386349	1	1	1	1	0	6
chr19	57600135	57604276	1	1	1	0	1	5
chr19	58548409	58548485	1	1	1	1	0	19
chr20	8647954	8649393	1	1	1	0	2	5
chr20	11890955	11918333	1	1	1	1	0	4
chr20	17620808	17621457	2	2	1	1	1	15
chr20	18288605	18295219	1	1	1	0	1	5
chr20	32008422	32015302	1	1	0	0	6	12
chr20	32054282	32071661	1	1	1	0	1	5
chr20	33852204	33853495	1	1	1	0	1	8
chr20	34295586	34311471	2	4	1	0	2	7
chr20	37179370	37184179	1	1	1	2	0	19
chr20	44966604	44972077	1	1	1	2	0	4
chr20	45253734	45254458	2	2	1	1	0	20
chr20	45899879	45902266	2	2	1	0	1	4
chr20	45960369	45960448	2	2	1	0	1	4
chr20	49424570	49425100	1	1	1	0	1	4
chr20	51010365	51022869	2	2	1	1	0	13
chr20	51690820	51694007	2	2	1	1	0	9
chr20	51713075	51725818	2	2	1	1	0	14
chr20	62310312	62310664	2	2	1	0	1	5
chr20	62325547	62326676	2	2	1	0	1	8
chr20	62387137	62387320	1	1	1	1	0	10
chr20	62775480	62776805	2	2	1	0	1	5
chr20	63691838	63692016	1	1	1	0	1	5
chr20	63832060	63846535	1	1	0	0	1	12
chr21	8206026	8250232	1	1	0	0	1	12
chr21	8206152	8250204	2	2	0	0	1	25
chr21	8206178	8250220	2	2	0	0	1	24
chr21	8206347	8250556	1	1	0	0	2	27
chr21	8208942	8210029	2	2	0	0	1	13
chr21	8208942	8254239	2	2	0	0	1	13
chr21	8209761	8210020	2	2	0	0	1	20
chr21	8209764	8210029	2	2	0	0	4	23
chr21	8209766	8210029	2	2	0	0	7	25
chr21	8209766	8210032	2	2	0	0	2	27
chr21	8209766	8253982	2	2	0	0	1	15
chr21	8209772	8210029	2	2	0	0	3	21
chr21	8209772	8210131	2	2	0	0	2	23
chr21	8209925	8254077	2	2	0	0	1	22
chr21	8209934	8254077	2	2	0	0	3	22
chr21	8209934	8392902	2	2	0	0	3	22
chr21	8209957	8254085	1	1	0	0	2	13
chr21	8210256	8215822	1	1	0	0	1	22
chr21	8210256	8260051	1	1	0	0	1	22
chr21	8210276	8254503	1	1	0	0	1	30
chr21	8210310	8254518	1	1	0	0	4	12
chr21	8210310	8393345	1	1	0	0	4	12
chr21	8210310	8437555	1	1	0	0	4	12
chr21	8210428	8254518	1	1	0	0	2	27
chr21	8210521	8254458	1	1	0	0	13	27
chr21	8210521	8393285	1	1	0	0	13	27
chr21	8210521	8437495	1	1	0	0	13	27
chr21	8210535	8254743	2	2	0	0	1	32
chr21	8210781	8254989	1	1	0	0	5	32
chr21	8210781	8393816	1	1	0	0	5	32
chr21	8210781	8438026	1	1	0	0	5	32
chr21	8210801	8210932	1	1	0	0	2	29
chr21	8210801	8211036	1	1	0	0	1	35
chr21	8210801	8215533	1	1	0	0	1	18
chr21	8210801	8254455	1	1	0	0	1	29
chr21	8210801	8254518	1	1	0	0	1	18
chr21	8210801	8255009	1	1	0	0	25	49
chr21	8210801	8259762	1	1	0	0	1	18
chr21	8210801	8393836	1	1	0	0	25	49
chr21	8210801	8438046	1	1	0	0	25	49
chr21	8210806	8211295	1	1	0	0	1	28
chr21	8210806	8211310	1	1	0	0	3	23
chr21	8210806	8214799	1	1	0	0	1	13
chr21	8210806	8254444	1	1	0	0	1	24
chr21	8210806	8254759	1	1	0	0	2	18
chr21	8210806	8259028	1	1	0	0	1	13
chr21	8210815	8214781	2	2	0	0	1	14
chr21	8210815	8259010	2	2	0	0	1	14
chr21	8210821	8211164	2	2	0	0	1	21
chr21	8210975	8255035	1	1	0	0	1	25
chr21	8210979	8254761	1	1	0	0	1	29
chr21	8211070	8254923	2	2	0	0	1	12
chr21	8211164	8255373	2	2	0	0	1	21
chr21	8211415	8255618	2	2	0	0	2	17
chr21	8211432	8255637	2	2	0	0	1	15
chr21	8211441	8394381	2	2	0	0	5	43
chr21	8211441	8438591	2	2	0	0	5	43
chr21	8211456	8255661	1	1	0	0	1	19
chr21	8211669	8255875	2	2	0	0	1	13
chr21	8212583	8256789	1	1	0	0	1	12
chr21	8212679	8256888	2	2	0	0	6	15
chr21	8212679	8395714	2	2	0	0	6	15
chr21	8212679	8439930	2	2	0	0	6	15
chr21	8212725	8256884	2	2	0	0	1	19
chr21	8214056	8217845	1	3	0	0	2	12
chr21	8214070	8214115	2	2	0	0	1	12
chr21	8214070	8254984	2	2	0	0	1	12
chr21	8214086	8214131	1	1	0	0	12	28
chr21	8214101	8258327	1	3	0	0	1	12
chr21	8214119	8258344	1	1	0	0	3	14
chr21	8214119	8397161	1	1	0	0	3	14
chr21	8214251	8258472	1	1	0	0	3	26
chr21	8214251	8397289	1	1	0	0	3	26
chr21	8214266	8258487	1	1	0	0	3	51
chr21	8214266	8397304	1	1	0	0	3	51
chr21	8214277	8258498	2	2	0	0	1	19
chr21	8214398	8214537	2	2	0	0	2	33
chr21	8214398	8214555	2	2	0	0	3	15
chr21	8214616	8214815	0	0	0	0	3	34
chr21	8214793	8254989	1	1	0	0	1	16
chr21	8214940	8259111	2	2	0	0	3	20
chr21	8214940	8397916	2	2	0	0	3	20
chr21	8214963	8259046	2	2	0	0	1	15
chr21	8215319	8259480	2	2	0	0	2	25
chr21	8215321	8259480	2	2	0	0	3	18
chr21	8215321	8398285	2	2	0	0	3	18
chr21	8215412	8259446	1	1	0	0	2	30
chr21	8215417	8259442	2	2	0	0	3	34
chr21	8215417	8259646	2	2	0	0	1	13
chr21	8215417	8398247	2	2	0	0	3	34
chr21	8215448	8259677	2	2	0	0	1	25
chr21	8215450	8259677	2	2	0	0	1	16
chr21	8215461	8215485	0	0	0	0	3	34
chr21	8215517	8259442	2	2	0	0	2	32
chr21	8215517	8259746	2	2	0	0	1	17
chr21	8215533	8259762	1	1	0	0	2	14
chr21	8215552	8259781	1	1	0	0	3	30
chr21	8215552	8398586	1	1	0	0	3	30
chr21	8215568	8259480	2	2	0	0	1	33
chr21	8215606	8259835	1	1	0	0	1	14
chr21	8215703	8259937	1	1	0	0	1	20
chr21	8215733	8259962	1	1	0	0	4	15
chr21	8215733	8398767	1	1	0	0	4	15
chr21	8215733	8442996	1	1	0	0	4	15
chr21	8216053	8226388	1	1	0	0	2	13
chr21	8216227	8259480	2	2	0	0	1	21
chr21	8216273	8260502	1	1	0	0	1	14
chr21	8216342	8260579	1	1	0	0	1	28
chr21	8216420	8260649	1	1	0	0	14	17
chr21	8216420	8399454	1	1	0	0	14	17
chr21	8216420	8443689	1	1	0	0	14	17
chr21	8216443	8217958	1	3	0	0	1	17
chr21	8216450	8260679	1	1	0	0	1	23
chr21	8216636	8260863	1	1	0	0	1	18
chr21	8216657	8217155	1	1	0	0	1	13
chr21	8216727	8260956	1	1	0	0	1	14
chr21	8216748	8399782	2	2	0	0	11	21
chr21	8216748	8444017	2	2	0	0	11	21
chr21	8216876	8217064	2	2	0	0	5	15
chr21	8216935	8218043	2	2	0	0	2	24
chr21	8216939	8260337	2	2	0	0	1	12
chr21	8216941	8260337	2	2	0	0	2	13
chr21	8217292	8217388	1	3	0	0	1	13
chr21	8217592	8254669	1	1	0	0	1	33
chr21	8217669	8259630	2	2	0	0	2	13
chr21	8217864	8400914	1	1	0	0	3	26
chr21	8217931	8218048	2	4	0	0	1	19
chr21	8217988	8259026	2	2	0	0	2	12
chr21	8218002	8401043	0	0	0	0	3	43
chr21	8218045	8260831	1	1	0	0	2	28
chr21	8218059	8401097	1	1	0	0	7	24
chr21	8218059	8445329	1	1	0	0	7	24
chr21	8218410	8259765	1	1	0	0	1	25
chr21	8218426	8401464	1	1	0	0	15	26
chr21	8218426	8445696	1	1	0	0	14	26
chr21	8218472	8401510	1	1	0	0	7	25
chr21	8218472	8445742	1	1	0	0	7	25
chr21	8218619	8218828	2	2	0	0	1	15
chr21	8218650	8218723	2	4	0	0	3	47
chr21	8223058	8223184	1	1	1	0	1	5
chr21	8253147	8254239	2	2	0	0	1	13
chr21	8253971	8254230	2	2	0	0	1	20
chr21	8253974	8254239	2	2	0	0	4	23
chr21	8253976	8254239	2	2	0	0	7	25
chr21	8253976	8254242	2	2	0	0	2	27
chr21	8253982	8254239	2	2	0	0	3	21
chr21	8253982	8254341	2	2	0	0	2	23
chr21	8254144	8392902	2	2	0	0	3	22
chr21	8254144	8437112	2	2	0	0	3	22
chr21	8254464	8260051	1	1	0	0	1	22
chr21	8254484	8254701	2	6	0	0	2	22
chr21	8254518	8393345	1	1	0	0	4	12
chr21	8254518	8437555	1	1	0	0	4	12
chr21	8254729	8393285	1	1	0	0	13	27
chr21	8254729	8437495	1	1	0	0	13	27
chr21	8254989	8393816	1	1	0	0	5	32
chr21	8254989	8438026	1	1	0	0	5	32
chr21	8255009	8255140	1	1	0	0	2	29
chr21	8255009	8259762	1	1	0	0	1	18
chr21	8255009	8393836	1	1	0	0	26	49
chr21	8255009	8438046	1	1	0	0	26	49
chr21	8255014	8255503	1	1	0	0	1	28
chr21	8255014	8255518	1	1	0	0	3	23
chr21	8255014	8259028	1	1	0	0	1	13
chr21	8255023	8259010	2	2	0	0	1	14
chr21	8255029	8255373	2	2	0	0	1	21
chr21	8256888	8395714	2	2	0	0	6	15
chr21	8256888	8439930	2	2	0	0	6	15
chr21	8258291	8258336	2	2	0	0	1	12
chr21	8258307	8258352	1	1	0	0	12	28
chr21	8258340	8397161	1	1	0	0	3	14
chr21	8258340	8441381	1	1	0	0	3	14
chr21	8258472	8397289	1	1	0	0	3	26
chr21	8258472	8441509	1	1	0	0	3	26
chr21	8258487	8397304	1	1	0	0	3	51
chr21	8258487	8441524	1	1	0	0	3	51
chr21	8259169	8397916	2	2	0	0	3	20
chr21	8259169	8442146	2	2	0	0	3	20
chr21	8259550	8398285	2	2	0	0	3	18
chr21	8259550	8442514	2	2	0	0	3	18
chr21	8259646	8398247	2	2	0	0	3	34
chr21	8259646	8442476	2	2	0	0	3	34
chr21	8259690	8259714	0	0	0	0	3	34
chr21	8259781	8398586	1	1	0	0	3	30
chr21	8259781	8442815	1	1	0	0	3	30
chr21	8259962	8398767	1	1	0	0	4	15
chr21	8259962	8442996	1	1	0	0	4	15
chr21	8260063	8260566	1	1	0	0	1	27
chr21	8260649	8399454	1	1	0	0	14	17
chr21	8260649	8443689	1	1	0	0	14	17
chr21	8389073	8433257	1	1	0	0	1	12
chr21	8389199	8433229	2	2	0	0	1	25
chr21	8389225	8433245	2	2	0	0	1	24
chr21	8389394	8433581	1	1	0	0	2	27
chr21	8391981	8393064	2	2	0	0	1	13
chr21	8391981	8437274	2	2	0	0	1	13
chr21	8392727	8436937	1	1	0	0	1	17
chr21	8392796	8393055	2	2	0	0	1	20
chr21	8392799	8393064	2	2	0	0	4	23
chr21	8392801	8393064	2	2	0	0	7	25
chr21	8392801	8393067	2	2	0	0	2	27
chr21	8392801	8437017	2	2	0	0	1	15
chr21	8392807	8393064	2	2	0	0	3	21
chr21	8392807	8393166	2	2	0	0	2	23
chr21	8392960	8437112	2	2	0	0	1	22
chr21	8392969	8437112	2	2	0	0	3	22
chr21	8392992	8437120	1	1	0	0	2	13
chr21	8393105	8437321	1	3	0	0	1	37
chr21	8393291	8398856	1	1	0	0	1	22
chr21	8393291	8443085	1	1	0	0	1	22
chr21	8393311	8437540	1	1	0	0	1	30
chr21	8393345	8437555	1	1	0	0	4	12
chr21	8393463	8437555	1	1	0	0	2	27
chr21	8393556	8437495	1	1	0	0	13	27
chr21	8393570	8437780	2	2	0	0	1	32
chr21	8393816	8438026	1	1	0	0	5	32
chr21	8393836	8393967	1	1	0	0	2	29
chr21	8393836	8394071	1	1	0	0	1	35
chr21	8393836	8398567	1	1	0	0	1	18
chr21	8393836	8437492	1	1	0	0	1	29
chr21	8393836	8437555	1	1	0	0	1	18
chr21	8393836	8438046	1	1	0	0	26	49
chr21	8393836	8442796	1	1	0	0	1	18
chr21	8393841	8394330	1	1	0	0	1	28
chr21	8393841	8394345	1	1	0	0	3	23
chr21	8393841	8397833	1	1	0	0	1	13
chr21	8393841	8437481	1	1	0	0	1	24
chr21	8393841	8437796	1	1	0	0	2	18
chr21	8393841	8442063	1	1	0	0	1	13
chr21	8393850	8397815	2	2	0	0	1	14
chr21	8393850	8442045	2	2	0	0	1	14
chr21	8393856	8394199	2	2	0	0	1	21
chr21	8394010	8438072	1	1	0	0	1	25
chr21	8394014	8437798	1	1	0	0	1	29
chr21	8394105	8437960	2	2	0	0	1	12
chr21	8394199	8438409	2	2	0	0	2	28
chr21	8394467	8438677	2	2	0	0	1	15
chr21	8394476	8438588	2	2	0	0	1	43
chr21	8394476	8438591	2	2	0	0	5	43
chr21	8394491	8438701	1	1	0	0	1	19
chr21	8394704	8438917	2	2	0	0	1	13
chr21	8395618	8439831	1	1	0	0	1	12
chr21	8395714	8439930	2	2	0	0	6	15
chr21	8395760	8439926	2	2	0	0	1	19
chr21	8397094	8400883	1	3	0	0	2	12
chr21	8397108	8397153	2	2	0	0	1	12
chr21	8397108	8438021	2	2	0	0	1	12
chr21	8397124	8397169	1	1	0	0	12	28
chr21	8397139	8441364	1	3	0	0	1	12
chr21	8397157	8441381	1	1	0	0	3	14
chr21	8397289	8441509	1	1	0	0	3	26
chr21	8397304	8441524	1	1	0	0	3	51
chr21	8397315	8441535	2	2	0	0	1	19
chr21	8397378	8441598	1	1	0	0	1	15
chr21	8397436	8397575	2	2	0	0	2	33
chr21	8397436	8397593	2	2	0	0	3	15
chr21	8397677	8397851	2	2	0	1	0	34
chr21	8397827	8438026	1	1	0	0	1	16
chr21	8397974	8441581	2	2	0	0	2	26
chr21	8397974	8442146	2	2	0	0	3	20
chr21	8398353	8442514	2	2	0	0	2	25
chr21	8398355	8442514	2	2	0	0	3	18
chr21	8398446	8441575	1	1	0	0	1	28
chr21	8398446	8442480	1	1	0	0	2	30
chr21	8398451	8442476	2	2	0	0	3	34
chr21	8398451	8442680	2	2	0	0	1	13
chr21	8398482	8442711	2	2	0	0	1	25
chr21	8398484	8442711	2	2	0	0	1	16
chr21	8398495	8398519	0	0	0	0	3	34
chr21	8398551	8442476	2	2	0	0	2	32
chr21	8398551	8442780	2	2	0	0	1	17
chr21	8398567	8442796	1	1	0	0	2	14
chr21	8398586	8442815	1	1	0	0	3	30
chr21	8398602	8442514	2	2	0	0	1	33
chr21	8398640	8442869	1	1	0	0	1	14
chr21	8398737	8442971	1	1	0	0	1	20
chr21	8398767	8442996	1	1	0	0	4	15
chr21	8398868	8399371	1	1	0	0	1	27
chr21	8398901	8443130	1	1	0	0	1	23
chr21	8399087	8409387	1	1	0	0	2	13
chr21	8399087	8453534	1	1	0	0	2	13
chr21	8399261	8442514	2	2	0	0	1	21
chr21	8399307	8443542	1	1	0	0	1	14
chr21	8399376	8443619	1	1	0	0	1	28
chr21	8399399	8401339	2	2	0	0	1	19
chr21	8399399	8445571	2	2	0	0	1	19
chr21	8399454	8443689	1	1	0	0	14	17
chr21	8399484	8443719	1	1	0	0	1	23
chr21	8399534	8441575	1	1	0	0	2	33
chr21	8399670	8443903	1	1	0	0	1	18
chr21	8399691	8400190	1	1	0	0	1	13
chr21	8399761	8443996	1	1	0	0	1	14
chr21	8399782	8444017	2	2	0	0	11	21
chr21	8399910	8400099	2	2	0	0	5	15
chr21	8399973	8443377	2	2	0	1	0	12
chr21	8400044	8444277	1	1	0	2	0	12
chr21	8400327	8400426	1	3	0	0	1	13
chr21	8400504	8444691	2	4	0	0	1	15
chr21	8400522	8444754	2	2	0	0	1	16
chr21	8400606	8444792	2	2	0	0	2	21
chr21	8400630	8437706	1	1	0	0	1	33
chr21	8400707	8442664	2	2	0	0	2	13
chr21	8400866	8445103	1	1	0	0	1	34
chr21	8400868	8445103	1	1	0	0	1	21
chr21	8400902	8445146	1	1	0	0	3	26
chr21	8400904	8445146	1	1	0	0	1	24
chr21	8400967	8445199	2	2	0	0	2	25
chr21	8400992	8445228	1	1	0	0	2	18
chr21	8401020	8445258	2	4	0	0	1	26
chr21	8401026	8442061	2	2	0	0	2	12
chr21	8401040	8445275	0	0	0	0	3	43
chr21	8401083	8443871	1	1	0	0	2	28
chr21	8401097	8445329	1	1	0	0	7	24
chr21	8401292	8445524	1	1	0	0	1	16
chr21	8401308	8445540	2	2	0	0	1	22
chr21	8401448	8442799	1	1	0	0	1	25
chr21	8401464	8445696	1	1	0	0	14	26
chr21	8401472	8445702	2	2	0	0	1	49
chr21	8401510	8445742	1	1	0	0	7	25
chr21	8401657	8401867	2	2	0	0	1	15
chr21	8401688	8401762	2	4	0	0	2	33
chr21	8401716	8445812	2	2	0	1	0	30
chr21	8401785	8446016	1	1	0	0	2	26
chr21	8406057	8406183	1	1	1	0	1	5
chr21	8437006	8437265	2	2	0	0	1	20
chr21	8437009	8437274	2	2	0	0	4	23
chr21	8437011	8437274	2	2	0	0	7	25
chr21	8437011	8437277	2	2	0	0	2	27
chr21	8437017	8437274	2	2	0	0	3	21
chr21	8437017	8437376	2	2	0	0	2	23
chr21	8437501	8443085	1	1	0	0	1	22
chr21	8437521	8437738	2	6	0	0	2	22
chr21	8438046	8438177	1	1	0	0	2	29
chr21	8438046	8438281	1	1	0	0	1	35
chr21	8438046	8442796	1	1	0	0	1	18
chr21	8438051	8438540	1	1	0	0	1	28
chr21	8438051	8438555	1	1	0	0	3	23
chr21	8438051	8442063	1	1	0	0	1	13
chr21	8438060	8442045	2	2	0	0	1	14
chr21	8438066	8438409	2	2	0	0	1	21
chr21	8441314	8445115	1	3	0	0	2	12
chr21	8441328	8441373	2	2	0	0	1	12
chr21	8441344	8441389	1	1	0	0	12	28
chr21	8441656	8441795	2	2	0	0	2	33
chr21	8441656	8441813	2	2	0	0	3	15
chr21	8441874	8442079	0	0	0	0	3	34
chr21	8442374	8442605	2	2	0	1	0	21
chr21	8442584	8442965	2	4	0	0	1	25
chr21	8442724	8442748	0	0	0	0	3	34
chr21	8443097	8443606	1	1	0	0	1	27
chr21	8443634	8445571	2	2	0	0	1	19
chr21	8443926	8444425	1	1	0	0	1	13
chr21	8444145	8444334	2	2	0	0	5	15
chr21	8444562	8444658	1	3	0	0	1	13
chr21	8445201	8445318	2	4	0	0	1	19
chr21	8445889	8446098	2	2	0	0	1	15
chr21	8445920	8445993	2	4	0	0	3	47
chr21	8450244	8450370	1	1	1	0	1	5
chr21	8988302	8988561	2	2	0	0	1	20
chr21	8988305	8988570	2	2	0	0	4	23
chr21	8988307	8988570	2	2	0	0	7	25
chr21	8988307	8988573	2	2	0	0	2	27
chr21	8988313	8988570	2	2	0	0	3	21
chr21	8988313	8988672	2	2	0	0	2	23
chr21	14968527	15043494	2	2	1	1	0	3
chr21	21290152	21292103	1	1	1	0	2	5
chr21	33530885	33531488	2	2	1	0	2	3
chr21	36153202	36191173	1	1	0	0	1	12
chr21	41549265	41558660	1	1	0	0	1	12
chr21	44294504	44296382	1	1	1	0	1	8
chr21	46213836	46215179	2	2	1	0	2	4
chr22	11630182	11630394	2	2	0	2	0	17
chr22	19660185	19689458	1	1	0	1	0	12
chr22	35387177	35389863	1	1	1	1	0	4
chr22	36306608	36309281	2	2	1	2	0	5
chr22	36312223	36314144	2	2	1	1	0	9
chr22	37956843	37959345	1	1	1	1	0	15
chr22	38488116	38492055	2	2	1	1	0	12
chr22	38493772	38494020	2	2	1	1	0	10
chr22	39313311	39313633	2	2	1	1	0	30
chr22	41268157	41274599	2	2	1	1	0	11
chr22	41833359	41866830	1	1	1	1	0	13
chr22	41946006	41946416	2	2	1	3	0	5
chr22	43151605	43161051	1	1	1	0	1	3
chr22	44497812	44498043	2	2	1	1	0	29
chr22	45503065	45518681	1	1	1	3	0	11
chr22	45518788	45525542	1	1	1	1	1	11
chr22	46993821	47038297	1	1	0	0	1	13
chr22	49775746	49776049	2	2	1	0	1	5
chr22	50281190	50281359	2	2	1	2	0	11
chr22	50505154	50505228	2	2	1	2	0	26
chr22	50785294	50798654	1	1	1	0	1	6
chrX	9465448	9501779	1	1	1	2	0	3
chrX	41342837	41343215	1	1	1	1	0	6
chrX	48521908	48523698	1	1	1	1	0	6
chrX	53383254	53394777	2	2	1	1	0	21
chrX	64225675	64230462	2	2	1	1	2	6
chrX	65739195	65739728	1	1	1	2	0	20
chrX	70289355	70289859	2	2	1	0	1	4
chrX	72275725	72276156	2	2	1	0	1	8
chrX	105662230	105681815	1	1	0	1	0	12
chrX	119236692	119240308	1	1	1	1	0	9
chrX	126819864	126820658	1	1	1	0	1	6
chrX	149538907	149539700	2	2	1	0	1	7
chrX	153869664	153869802	2	2	1	0	1	6
chrX	154429175	154431829	1	1	1	1	0	34
chrM	1192	1475	2	4	0	0	1	22
chrM	1982	2032	1	1	0	0	1	17
